[0, 0, 0.318, 15, -4154007734488705909, 0, 600, -2387003830974889286, 0.043, 400, -213005413640241736, 0.051, 600, 1026903210183528003, 0.138, 600, 1816995127090321698, 0.043, 600, 4189901836363993212, 0.043, 30, -5004741595020093293, 0]
[0, 0, 0.318, 15, -4154007734488705909, 0, 600, 2548850123959847330, 0.043, 400, -213005413640241736, 0.051, 600, 1026903210183528003, 0.138, 600, 1816995127090321698, 0.043, 600, 4189901836363993212, 0.043, 30, -5004741595020093293, 0]
[0, 0, 0.318, 15, -4154007734488705909, 0, 600, -2387003830974889286, 0.043, 400, -213005413640241736, 0.051, 500, 7040105015513735212, 0.138, 600, 2698421863312333685, 0.043, 600, 4189901836363993212, 0.043, 30, -5004741595020093293, 0]
[0, 0, 0.318, 15, -4154007734488705909, 0, 600, -2387003830974889286, 0.043, 400, -213005413640241736, 0.051, 300, -97496322628994897, 0.138, 600, 5133739117110019235, 0.043, 600, 4189901836363993212, 0.043, 30, -5004741595020093293, 0]
[0, 0, 0.318, 15, -4154007734488705909, 0, 600, 2548850123959847330, 0.043, 400, -213005413640241736, 0.051, 500, 7040105015513735212, 0.138, 600, 2698421863312333685, 0.043, 600, 4189901836363993212, 0.043, 30, -5004741595020093293, 0]
[0, 0, 0.278, 15, 8803027993385483312, 0, 600, -1600733944250329840, 0.043, 300, 3297028196639367028, 0.055, 600, 1924735637626240184, 0.137, 600, 3008637127526824669, 0.043, 30, -737998782908377762, 0]
[0, 0, 0.278, 15, -4154007734488705909, 0, 600, 2548850123959847330, 0.043, 200, 5134117856047242611, 0.055, 600, 1924735637626240184, 0.137, 600, 3008637127526824669, 0.043, 30, -737998782908377762, 0]
[0, 0, 0.278, 15, -4154007734488705909, 0, 600, 2548850123959847330, 0.043, 200, 5134117856047242611, 0.055, 600, 1924735637626240184, 0.137, 600, 5231877300034114493, 0.043, 30, -3310528888122959701, 0]
[0, 0, 0.277, 15, -4154007734488705909, 0, 600, -2387003830974889286, 0.043, 300, 3297028196639367028, 0.054, 600, 1924735637626240184, 0.137, 600, 3008637127526824669, 0.043, 30, -737998782908377762, 0]
[0, 0, 0.277, 15, -4154007734488705909, 0, 600, -2387003830974889286, 0.043, 300, 3297028196639367028, 0.054, 600, 1924735637626240184, 0.137, 600, 5231877300034114493, 0.043, 30, -3310528888122959701, 0]
[0, 0, 0.277, 15, -4154007734488705909, 0, 600, 1205979800353042453, 0.043, 200, 5134117856047242611, 0.054, 600, 1924735637626240184, 0.137, 600, 3008637127526824669, 0.043, 30, -737998782908377762, 0]
[0, 0, 0.277, 15, 8803027993385483312, 0, 600, 1205979800353042453, 0.043, 200, 5134117856047242611, 0.054, 600, 1924735637626240184, 0.137, 600, 5231877300034114493, 0.043, 30, -3310528888122959701, 0]
[0, 0, 0.235, 15, 8803027993385483312, 0, 600, -1600733944250329840, 0.043, 300, 3297028196639367028, 0.055, 600, 1924735637626240184, 0.137, 30, 5528061562221538914, 0]
[0, 0, 0.235, 15, -4154007734488705909, 0, 600, -1600733944250329840, 0.043, 300, 3297028196639367028, 0.055, 600, 1924735637626240184, 0.137, 30, 5528061562221538914, 0]
[0, 0, 0.234, 15, -4154007734488705909, 0, 600, -2387003830974889286, 0.043, 300, 3297028196639367028, 0.054, 600, 1924735637626240184, 0.137, 30, 5528061562221538914, 0]
[0, 0, 0.234, 15, 8803027993385483312, 0, 600, -2387003830974889286, 0.043, 300, 3297028196639367028, 0.054, 600, 1924735637626240184, 0.137, 30, 5528061562221538914, 0]
[0, 0, 0.23, 15, -6605740889482779882, 0, 600, -7458078234822228552, 0.043, 200, 563025302174098609, 0.051, 600, 8020697300972802421, 0.136, 30, -81373482786172228, 0]
[0, 0, 0.23, 15, -6605740889482779882, 0, 600, -7458078234822228552, 0.043, 200, 563025302174098609, 0.051, 600, 8020697300972802421, 0.136, 30, -5967707616644674384, 0]
[0, 0, 0.228, 15, -6605740889482779882, 0, 600, 1042813249226565597, 0.043, 200, 563025302174098609, 0.049, 600, -38884748821148319, 0.136, 30, -5397699885099888377, 0]
[0, 0, 0.228, 15, -6605740889482779882, 0, 600, 1042813249226565597, 0.043, 200, 563025302174098609, 0.049, 600, 8020697300972802421, 0.136, 30, -81373482786172228, 0]
[0, 0, 0.227, 15, -1041537919628199386, 0, 400, 5124317448471648672, 0.052, 400, -6969785044406107049, 0.132, 500, 7094470171836339489, 0.043, 30, 2584125679335624973, 0]
[0, 0, 0.227, 15, -6606134480635494789, 0, 400, 5124317448471648672, 0.052, 400, -6969785044406107049, 0.132, 500, 7094470171836339489, 0.043, 30, 2584125679335624973, 0]
[0, 0, 0.225, 15, -770612950018689780, 0, 400, 5124317448471648672, 0.05, 400, -6969785044406107049, 0.132, 400, 9205025244789081582, 0.043, 30, -1720114595107963478, 0]
[0, 0, 0.225, 15, -7016971675525208928, 0, 400, 5124317448471648672, 0.05, 400, -6969785044406107049, 0.132, 500, 7094470171836339489, 0.043, 30, 2584125679335624973, 0]
[0, 0, 0.224, 15, -4154007734488705909, 0, 600, 1205979800353042453, 0.043, 400, -4873387986622771688, 0.043, 500, 152821632194994629, 0.043, 600, -2757775236125691493, 0.043, 500, -9039228864460065232, 0.052, 30, -5184990305865866145, 0]
[0, 0, 0.19, 15, -1041537919628199386, 0, 400, 5124317448471648672, 0.052, 500, 1963370859650344575, 0.138, 30, -5369608189430134704, 0]
[0, 0, 0.19, 15, -6606134480635494789, 0, 400, 5124317448471648672, 0.052, 500, 1963370859650344575, 0.138, 30, -5369608189430134704, 0]
[0, 0, 0.188, 15, -770612950018689780, 0, 400, 5124317448471648672, 0.05, 500, 1963370859650344575, 0.138, 30, -5369608189430134704, 0]
[0, 0, 0.184, 15, -1041537919628199386, 0, 400, 5124317448471648672, 0.052, 400, -6969785044406107049, 0.132, 30, 5383011691571132305, 0]
[0, 0, 0.184, 15, -6606134480635494789, 0, 400, 5124317448471648672, 0.052, 400, -6969785044406107049, 0.132, 30, 5383011691571132305, 0]
[0, 0, 0.181, 15, -4154007734488705909, 0, 600, -2387003830974889286, 0.043, 400, 3083455992358233813, 0.043, 600, -2757775236125691493, 0.043, 500, -9039228864460065232, 0.052, 30, -5184990305865866145, 0]
[0, 0, 0.181, 15, 8803027993385483312, 0, 600, -2387003830974889286, 0.043, 400, 3083455992358233813, 0.043, 600, -2757775236125691493, 0.043, 500, -9039228864460065232, 0.052, 30, -5184990305865866145, 0]
[0, 0, 0.178, 15, 8803027993385483312, 0, 600, 2548850123959847330, 0.043, 600, 6449292502752466382, 0.043, 600, -2213277722203112830, 0.043, 500, -9039228864460065232, 0.049, 30, -5184990305865866145, 0]
[0, 0, 0.172, 15, -4154007734488705909, 0, 600, -2387003830974889286, 0.043, 400, 3083455992358233813, 0.043, 600, -2757775236125691493, 0.043, 500, 4541556575077437883, 0.043, 30, 7670226460780692663, 0]
[0, 0, 0.172, 15, 8803027993385483312, 0, 600, -1600733944250329840, 0.043, 500, 152821632194994629, 0.043, 600, -2757775236125691493, 0.043, 500, 4541556575077437883, 0.043, 30, 7670226460780692663, 0]
[0, 0, 0.172, 15, -4154007734488705909, 0, 600, 2548850123959847330, 0.043, 600, 6449292502752466382, 0.043, 600, -2213277722203112830, 0.043, 500, 4541556575077437883, 0.043, 30, 7670226460780692663, 0]
[0, 0, 0.172, 15, 8803027993385483312, 0, 600, -5369195711520674912, 0.043, 200, -1218164553760658130, 0.043, 600, 1924735637626240184, 0.043, 600, 3008637127526824669, 0.043, 30, -737998782908377762, 0]
[0, 0, 0.172, 15, 8803027993385483312, 0, 600, -5369195711520674912, 0.043, 200, -1218164553760658130, 0.043, 600, 1924735637626240184, 0.043, 600, 5231877300034114493, 0.043, 30, -3310528888122959701, 0]
[0, 0, 0.137, 15, -4154007734488705909, 0, 600, -5369195711520674912, 0.043, 600, -7215652405261923925, 0.043, 500, -9039228864460065232, 0.051, 30, -5184990305865866145, 0]
[0, 0, 0.137, 15, 8803027993385483312, 0, 600, -5369195711520674912, 0.043, 600, -7215652405261923925, 0.043, 500, -9039228864460065232, 0.051, 30, -5184990305865866145, 0]
[0, 0, 0.129, 15, -4154007734488705909, 0, 600, -5369195711520674912, 0.043, 600, -7215652405261923925, 0.043, 500, 4541556575077437883, 0.043, 30, 7670226460780692663, 0]
[0, 0, 0.129, 15, 8803027993385483312, 0, 600, -5369195711520674912, 0.043, 600, -7215652405261923925, 0.043, 500, 4541556575077437883, 0.043, 30, 7670226460780692663, 0]
[0, 0, 0.129, 15, 8803027993385483312, 0, 600, -5369195711520674912, 0.043, 200, -1218164553760658130, 0.043, 600, 1924735637626240184, 0.043, 30, 5528061562221538914, 0]
[0, 0, 0.129, 15, -6605740889482779882, 0, 600, 9022399694983084251, 0.043, 400, 3214283405752617493, 0.043, 600, 8020697300972802421, 0.043, 30, -81373482786172228, 0]
[0, 0, 0.129, 15, -6605740889482779882, 0, 500, 8974356882177097900, 0.043, 400, 3214283405752617493, 0.043, 600, 8020697300972802421, 0.043, 30, -81373482786172228, 0]
[0, 0, 0.129, 15, -6605740889482779882, 0, 500, 8974356882177097900, 0.043, 400, 3214283405752617493, 0.043, 600, 8020697300972802421, 0.043, 30, -5967707616644674384, 0]
[0, 0, 0.129, 15, -6605740889482779882, 0, 600, 9022399694983084251, 0.043, 400, 3214283405752617493, 0.043, 600, -38884748821148319, 0.043, 30, -5397699885099888377, 0]
[0, 0, 0.129, 15, -2437745665070544558, 0, 600, 9022399694983084251, 0.043, 400, 3214283405752617493, 0.043, 600, -38884748821148319, 0.043, 30, -5397699885099888377, 0]
[0, 0, 0.129, 15, -2437745665070544558, 0, 500, 8974356882177097900, 0.043, 400, 3214283405752617493, 0.043, 600, 8020697300972802421, 0.043, 30, -5967707616644674384, 0]
[0, 0, 0.129, 15, -6605740889482779882, 0, 600, -7498109046472876212, 0.043, 400, 3214283405752617493, 0.043, 600, 8020697300972802421, 0.043, 30, -81373482786172228, 0]
[0, 0, 0.129, 15, -6605740889482779882, 0, 600, 2319569998404420090, 0.043, 400, 3214283405752617493, 0.043, 600, 8020697300972802421, 0.043, 30, -5967707616644674384, 0]
[0, 0, 0.129, 15, -6605740889482779882, 0, 600, -7498109046472876212, 0.043, 400, 3214283405752617493, 0.043, 600, 8020697300972802421, 0.043, 30, -5967707616644674384, 0]
[0, 0, 0.129, 15, -6679285714473967393, 0, 400, -7769648834579539281, 0.043, 400, -6969785044406107049, 0.043, 400, 9205025244789081582, 0.043, 30, -1720114595107963478, 0]
[0, 0, 0.129, 15, 5503127386728715517, 0, 400, -7769648834579539281, 0.043, 400, -6969785044406107049, 0.043, 400, 9205025244789081582, 0.043, 30, -1720114595107963478, 0]
[0, 0, 0.129, 15, -4229220285382639872, 0, 400, -7769648834579539281, 0.043, 400, -6969785044406107049, 0.043, 400, 9205025244789081582, 0.043, 30, -1720114595107963478, 0]
[0, 0, 0.129, 15, -6679285714473967393, 0, 400, -7769648834579539281, 0.043, 400, -6969785044406107049, 0.043, 500, 7094470171836339489, 0.043, 30, 2584125679335624973, 0]
[0, 0, 0.097, 15, -2437745665070544558, 0, 600, -4214982517012672605, 0.043, 400, 5262063761623337498, 0.054, 30, -1738303971130318175, 0]
[0, 0, 0.097, 15, -6605740889482779882, 0, 600, -4214982517012672605, 0.043, 400, 5262063761623337498, 0.054, 30, -3000777094141600000, 0]
[0, 0, 0.097, 15, -2437745665070544558, 0, 600, -4214982517012672605, 0.043, 400, 5262063761623337498, 0.054, 30, -3000777094141600000, 0]
[0, 0, 0.097, 15, -9107253986743261445, 0, 600, -4214982517012672605, 0.043, 400, 5262063761623337498, 0.054, 30, -3000777094141600000, 0]
[0, 0, 0.097, 15, -7009250599616644733, 0, 600, 1042813249226565597, 0.043, 400, 5262063761623337498, 0.054, 30, -1738303971130318175, 0]
[0, 0, 0.097, 15, 3911055154195336849, 0, 600, -4214982517012672605, 0.043, 400, 5262063761623337498, 0.054, 30, -3000777094141600000, 0]
[0, 0, 0.097, 15, 2898001455676232278, 0, 600, 1042813249226565597, 0.043, 400, 5262063761623337498, 0.054, 30, -1738303971130318175, 0]
[0, 0, 0.097, 15, 2898001455676232278, 0, 600, 1042813249226565597, 0.043, 400, 5262063761623337498, 0.054, 30, -3000777094141600000, 0]
[0, 0, 0.097, 15, 5837957286511043032, 0, 600, 1042813249226565597, 0.043, 400, 5262063761623337498, 0.054, 30, -1738303971130318175, 0]
[0, 0, 0.095, 15, -6605740889482779882, 0, 600, -7458078234822228552, 0.043, 300, -2483109033216258498, 0.052, 30, 2693841262377090459, 0]
[0, 0, 0.095, 15, -2437745665070544558, 0, 600, -7458078234822228552, 0.043, 300, -2483109033216258498, 0.052, 30, 2693841262377090459, 0]
[0, 0, 0.095, 15, -2163971167910013592, 0, 600, -7458078234822228552, 0.043, 300, -2483109033216258498, 0.052, 30, 2693841262377090459, 0]
[0, 0, 0.095, 15, -2163971167910013592, 0, 600, -7458078234822228552, 0.043, 300, -2483109033216258498, 0.052, 30, 728772626605107987, 0]
[0, 0, 0.095, 15, 216459901585640059, 0, 600, -7458078234822228552, 0.043, 300, -2483109033216258498, 0.052, 30, 2693841262377090459, 0]
[0, 0, 0.095, 15, 7714813013404150800, 0, 600, -7458078234822228552, 0.043, 300, -2483109033216258498, 0.052, 30, 2693841262377090459, 0]
[0, 0, 0.095, 15, 7714813013404150800, 0, 600, -7458078234822228552, 0.043, 300, -2483109033216258498, 0.052, 30, 728772626605107987, 0]
[0, 0, 0.094, 15, -6605740889482779882, 0, 600, 1042813249226565597, 0.043, 300, -2760109206898545849, 0.051, 30, 1063064423527987162, 0]
[0, 0, 0.094, 15, -2437745665070544558, 0, 600, 1042813249226565597, 0.043, 300, -2760109206898545849, 0.051, 30, 1063064423527987162, 0]
[0, 0, 0.094, 15, -2437745665070544558, 0, 600, -3042634930477474557, 0.043, 300, -2483109033216258498, 0.051, 30, 2693841262377090459, 0]
[0, 0, 0.094, 15, 2898001455676232278, 0, 600, 1042813249226565597, 0.043, 300, -2760109206898545849, 0.051, 30, 1063064423527987162, 0]
[0, 0, 0.094, 15, 5837957286511043032, 0, 600, 1042813249226565597, 0.043, 300, -2760109206898545849, 0.051, 30, 1063064423527987162, 0]
[0, 0, 0.094, 15, 6005040210265934345, 0, 600, 1042813249226565597, 0.043, 300, -2760109206898545849, 0.051, 30, 1063064423527987162, 0]
[0, 0, 0.094, 15, 3264765604348054339, 0, 600, -3042634930477474557, 0.043, 300, -2483109033216258498, 0.051, 30, 728772626605107987, 0]
[0, 0, 0.094, 15, 7656651129975751954, 0, 600, -3042634930477474557, 0.043, 300, -2483109033216258498, 0.051, 30, 728772626605107987, 0]
[0, 0, 0.094, 15, 452649369158221779, 0, 600, -3042634930477474557, 0.043, 300, -2483109033216258498, 0.051, 30, 728772626605107987, 0]
[0, 0, 0.086, 15, 4387020205383935535, 0, 600, -5663885241122779598, 0.043, 300, -6691978868657552221, 0.043, 30, -4068683874648566400, 0]
[0, 0, 0.086, 15, -4154007734488705909, 0, 600, -5663885241122779598, 0.043, 300, -6691978868657552221, 0.043, 30, -4068683874648566400, 0]
[0, 0, 0.086, 15, 8803027993385483312, 0, 600, -5663885241122779598, 0.043, 300, -6691978868657552221, 0.043, 30, -4068683874648566400, 0]
[0, 0, 0.086, 15, -6605740889482779882, 0, 600, -3042634930477474557, 0.043, 600, -38884748821148319, 0.043, 30, -5397699885099888377, 0]
[0, 0, 0.086, 15, -2437745665070544558, 0, 600, 6835673316202442575, 0.043, 500, 3320037085302123455, 0.043, 30, -556912347332539785, 0]
[0, 0, 0.086, 15, -6605740889482779882, 0, 600, 1042813249226565597, 0.043, 500, 3320037085302123455, 0.043, 30, -556912347332539785, 0]
[0, 0, 0.086, 15, -2437745665070544558, 0, 600, 1042813249226565597, 0.043, 500, 3320037085302123455, 0.043, 30, -556912347332539785, 0]
[0, 0, 0.086, 15, -6605740889482779882, 0, 600, -2422924902759776526, 0.043, 300, -841256039988146732, 0.043, 30, -3054596988585413315, 0]
[0, 0, 0.086, 15, -6605740889482779882, 0, 600, -2422924902759776526, 0.043, 300, -841256039988146732, 0.043, 30, -4932092032647833137, 0]
[0, 0, 0.086, 15, -2437745665070544558, 0, 600, -2422924902759776526, 0.043, 300, -841256039988146732, 0.043, 30, -3054596988585413315, 0]
[0, 0, 0.086, 15, 790614268422792511, 0, 600, -5663885241122779598, 0.043, 300, -6691978868657552221, 0.043, 30, -4068683874648566400, 0]
[0, 0, 0.086, 15, -7009250599616644733, 0, 600, 1042813249226565597, 0.043, 500, 3320037085302123455, 0.043, 30, -556912347332539785, 0]
[0, 0, 0.086, 15, -1152752478931075584, 0, 600, 6835673316202442575, 0.043, 500, 3320037085302123455, 0.043, 30, -556912347332539785, 0]
[0, 0, 0.086, 15, -6605740889482779882, 0, 600, 1042813249226565597, 0.043, 300, -841256039988146732, 0.043, 30, -4932092032647833137, 0]
[0, 0, 0.086, 15, -8319936282027354398, 0, 600, -5663885241122779598, 0.043, 300, -6691978868657552221, 0.043, 30, -4068683874648566400, 0]
[0, 0, 0.086, 15, -6854948209786382715, 0, 600, -2422924902759776526, 0.043, 300, -841256039988146732, 0.043, 30, -3054596988585413315, 0]
[0, 0, 0.086, 15, -6854948209786382715, 0, 600, -2422924902759776526, 0.043, 300, -841256039988146732, 0.043, 30, -4932092032647833137, 0]
[0, 0, 0.086, 15, -662451416791152246, 0, 200, 1035298767794344115, 0.043, 600, 2847358216764050110, 0.043, 30, -816873231721882656, 0]
[0, 0, 0.086, 15, -2536824300882497667, 0, 600, 5247071334908582376, 0.043, 600, 765097792521131828, 0.043, 30, 7847996426077140952, 0]
[0, 0, 0.086, 15, -7009250599616644733, 0, 600, 1042813249226565597, 0.043, 300, -841256039988146732, 0.043, 30, -4932092032647833137, 0]
[0, 0, 0.086, 15, 4394855497896321664, 0, 600, 5247071334908582376, 0.043, 600, 765097792521131828, 0.043, 30, 7847996426077140952, 0]
[0, 0, 0.086, 15, -4381598299529519408, 0, 600, 5247071334908582376, 0.043, 600, 765097792521131828, 0.043, 30, 7847996426077140952, 0]
[0, 0, 0.086, 15, 7500776060159247945, 0, 600, -2422924902759776526, 0.043, 300, -841256039988146732, 0.043, 30, -4932092032647833137, 0]
[0, 0, 0.086, 15, -1510059771521699155, 0, 600, -2422924902759776526, 0.043, 300, -841256039988146732, 0.043, 30, -3054596988585413315, 0]
[0, 0, 0.086, 15, 7049815729791399508, 0, 600, 5247071334908582376, 0.043, 600, 765097792521131828, 0.043, 30, 7847996426077140952, 0]
[0, 0, 0.086, 15, -543384948107783120, 0, 600, 5247071334908582376, 0.043, 600, 765097792521131828, 0.043, 30, 7847996426077140952, 0]
[0, 0, 0.086, 15, -4147723992010549722, 0, 400, -6969785044406107049, 0.043, 400, 9205025244789081582, 0.043, 30, -1720114595107963478, 0]
[0, 0, 0.086, 15, 3383669720847025357, 0, 200, 1035298767794344115, 0.043, 600, 2847358216764050110, 0.043, 30, -816873231721882656, 0]
[0, 0, 0.086, 15, -5633300571108077619, 0, 600, 8904052031375873982, 0.043, 500, -584611263815917398, 0.043, 30, 2572898353155233398, 0]
[0, 0, 0.086, 15, -2259970574255439835, 0, 600, 8904052031375873982, 0.043, 500, -584611263815917398, 0.043, 30, 2572898353155233398, 0]
[0, 0, 0.086, 15, 3275132190262692294, 0, 600, 8904052031375873982, 0.043, 500, -584611263815917398, 0.043, 30, 2572898353155233398, 0]
[0, 0, 0.086, 15, 810823758716168812, 0, 600, 8904052031375873982, 0.043, 500, -584611263815917398, 0.043, 30, 2572898353155233398, 0]
[0, 0, 0.086, 15, -9107253986743261445, 0, 600, -4214982517012672605, 0.043, 200, 131947807411148421, 0.043, 30, -7125064316907196860, 0]
[0, 0, 0.086, 15, 3911055154195336849, 0, 600, -4214982517012672605, 0.043, 200, 131947807411148421, 0.043, 30, -7125064316907196860, 0]
[0, 0, 0.086, 15, 7348347412231304271, 0, 600, -4214982517012672605, 0.043, 200, 131947807411148421, 0.043, 30, -7125064316907196860, 0]
[0, 0, 0.086, 15, -4147723992010549722, 0, 400, -6969785044406107049, 0.043, 500, 7094470171836339489, 0.043, 30, 2584125679335624973, 0]
[0, 0, 0.052, 15, -4229220285382639872, 0, 500, 1963370859650344575, 0.052, 30, -5369608189430134704, 0]
[0, 0, 0.051, 15, 5503127386728715517, 0, 500, 1963370859650344575, 0.051, 30, -5369608189430134704, 0]
[0, 0, 0.051, 15, -3476488338886825070, 0, 400, -196914182279895938, 0.051, 30, 5953574163884499794, 0]
[0, 0, 0.049, 15, -1286852574935817815, 0, 300, 6949675590201618608, 0.049, 30, 7226055549227179857, 0]
[0, 0, 0.049, 15, 432811185681780952, 0, 300, 6949675590201618608, 0.049, 30, 7226055549227179857, 0]
[0, 0, 0.043, 15, -6606134480635494789, 0, 100, -3496673118065025095, 0.043, 30, 705996923850430235, 0]
[0, 0, 0.043, 15, 8803027993385483312, 0, 600, -8973651949501957263, 0.043, 30, 6812340315932604248, 0]
[0, 0, 0.043, 15, -8090501009867058013, 0, 600, 765097792521131828, 0.043, 30, 7847996426077140952, 0]
[0, 0, 0.043, 15, -5206339560107352435, 0, 500, -7505508990226816183, 0.043, 30, 9103222851280266673, 0]
[0, 0, 0.043, 15, 8803027993385483312, 0, 600, -7639746634330675428, 0.043, 30, -8034327614308034618, 0]
[0, 0, 0.043, 15, -2437745665070544558, 0, 500, 8974356882177097900, 0.043, 30, 351299842351470068, 0]
[0, 0, 0.043, 15, -6605740889482779882, 0, 600, -3042634930477474557, 0.043, 30, -7308941439057734878, 0]
[0, 0, 0.043, 15, -6605740889482779882, 0, 600, -2422924902759776526, 0.043, 30, -7784377112003239367, 0]
[0, 0, 0.043, 15, 8743757352407472323, 0, 500, -584611263815917398, 0.043, 30, 2572898353155233398, 0]
[0, 0, 0.043, 15, -2437745665070544558, 0, 600, -3042634930477474557, 0.043, 30, -7308941439057734878, 0]
[0, 0, 0.043, 15, -6833249230885680786, 0, 500, -584611263815917398, 0.043, 30, 2572898353155233398, 0]
[0, 0, 0.043, 15, -5905721183308747291, 0, 600, 765097792521131828, 0.043, 30, 7847996426077140952, 0]
[0, 0, 0.043, 15, -2338471811068557091, 0, 600, 2847358216764050110, 0.043, 30, -816873231721882656, 0]
[0, 0, 0.043, 15, 3285413936940117978, 0, 600, 6176909114242174895, 0.043, 30, -2140065523807841784, 0]
[0, 0, 0.043, 15, -6605740889482779882, 0, 600, -6637595126702901807, 0.043, 30, 1773699057704532947, 0]
[0, 0, 0.043, 15, -4658604782560469647, 0, 600, -8973651949501957263, 0.043, 30, 6812340315932604248, 0]
[0, 0, 0.043, 15, 5567456103050133941, 0, 300, -806226876219778772, 0.043, 30, 4024515742153990511, 0]
[0, 0, 0.043, 15, -6605740889482779882, 0, 600, -7781179821719400201, 0.043, 30, 3152810820549023151, 0]
[0, 0, 0.043, 15, -2437745665070544558, 0, 600, -6637595126702901807, 0.043, 30, 1773699057704532947, 0]
[0, 0, 0.043, 15, -6605740889482779882, 0, 600, 9022399694983084251, 0.043, 30, 2680075371378072799, 0]
[0, 0, 0.043, 15, -3801961624878728221, 0, 600, -8973651949501957263, 0.043, 30, 6812340315932604248, 0]
[0, 0, 0.043, 15, -6854948209786382715, 0, 600, -2422924902759776526, 0.043, 30, -7784377112003239367, 0]
[0, 0, 0.043, 15, 3264765604348054339, 0, 600, -3042634930477474557, 0.043, 30, -7308941439057734878, 0]
[0, 0, 0.043, 15, -6553874184200751603, 0, 500, 7094470171836339489, 0.043, 30, 2584125679335624973, 0]
[0, 0, 0.043, 15, -2437745665070544558, 0, 600, 9022399694983084251, 0.043, 30, 2680075371378072799, 0]
[0, 0, 0.043, 15, 1683169649327916892, 0, 300, -806226876219778772, 0.043, 30, 4024515742153990511, 0]
[0, 0, 0.043, 15, -6605740889482779882, 0, 600, -7458078234822228552, 0.043, 30, -3530710178566883149, 0]
[0, 0, 0.043, 15, -1510059771521699155, 0, 600, -2422924902759776526, 0.043, 30, -7784377112003239367, 0]
[0, 0, 0.043, 15, 7656651129975751954, 0, 600, -3042634930477474557, 0.043, 30, -7308941439057734878, 0]
[0, 0, 0.043, 15, 452649369158221779, 0, 600, -3042634930477474557, 0.043, 30, -7308941439057734878, 0]
[0, 0, 0.043, 15, -4147723992010549722, 0, 400, -6969785044406107049, 0.043, 30, 5383011691571132305, 0]
[0, 0, 0.043, 15, 5503127386728715517, 0, 500, -7505508990226816183, 0.043, 30, 9103222851280266673, 0]
[0, 0, 0.043, 15, -1114448970622837826, 0, 600, -7639746634330675428, 0.043, 30, -8034327614308034618, 0]
[0, 0, 0.043, 15, -6605740889482779882, 0, 600, 2319569998404420090, 0.043, 30, 8306621377497517030, 0]
[0, 0, 0.043, 15, -6605740889482779882, 0, 600, -7498109046472876212, 0.043, 30, 5653678255194922690, 0]
[0, 0, 0.043, 15, -3351241848583799631, 0, 600, -7639746634330675428, 0.043, 30, -8034327614308034618, 0]
[0, 0, 0.043, 15, -2437745665070544558, 0, 600, -7498109046472876212, 0.043, 30, 5653678255194922690, 0]
[0, 0, 0.043, 15, -5206339560107352435, 0, 100, 4107267910844313010, 0.043, 30, 6204007438248765002, 0]
[0, 0, 0.043, 15, -2437745665070544558, 0, 600, 2319569998404420090, 0.043, 30, 8306621377497517030, 0]
[0, 0, 0.043, 15, -1954657238889613418, 0, 600, 9022399694983084251, 0.043, 30, 2680075371378072799, 0]
[0, 0, 0.043, 15, 8145530094088507865, 0, 600, -7781179821719400201, 0.043, 30, 3152810820549023151, 0]
[0, 0, 0.043, 15, 7112476513278270841, 0, 600, -6637595126702901807, 0.043, 30, 1773699057704532947, 0]
[0, 0, 0.043, 15, -6679285714473967393, 0, 100, -78166270590878289, 0.043, 30, -7786169075311365509, 0]
[0, 0, 0.043, 15, 8145530094088507865, 0, 600, 9022399694983084251, 0.043, 30, 2680075371378072799, 0]
[0, 0, 0.043, 15, -2163971167910013592, 0, 600, -7458078234822228552, 0.043, 30, -3530710178566883149, 0]
[0, 0, 0.043, 15, 6887087391372045966, 0, 600, 2319569998404420090, 0.043, 30, 8306621377497517030, 0]
[0, 0, 0.043, 15, 723690664776286787, 0, 200, 131947807411148421, 0.043, 30, -7125064316907196860, 0]
[0, 0, 0.043, 15, 7698384434576725082, 0, 600, 9022399694983084251, 0.043, 30, 2680075371378072799, 0]
[0, 0, 0.043, 15, -770612950018689780, 0, 100, 8945692754382005010, 0.043, 30, 7845688932558163010, 0]
[0, 0, 0.043, 15, 216459901585640059, 0, 600, -7458078234822228552, 0.043, 30, -3530710178566883149, 0]
[0, 0, 0.043, 15, -7103931182092406944, 0, 600, 9022399694983084251, 0.043, 30, 2680075371378072799, 0]
[0, 0, 0.043, 15, 2946080986261672274, 0, 600, 2319569998404420090, 0.043, 30, 8306621377497517030, 0]
[0, 0, 0.043, 15, 5006220646640775594, 0, 200, 5886898270482480826, 0.043, 30, -1024799154999033943, 0]
[0, 0, 0.043, 15, -78116221103475254, 0, 600, -7498109046472876212, 0.043, 30, 5653678255194922690, 0]
[0, 0, 0.043, 15, 1442327657845138998, 0, 600, 2319569998404420090, 0.043, 30, 8306621377497517030, 0]
[0, 0, 0.043, 15, -4147723992010549722, 0, 300, 2800034379916238560, 0.043, 30, -847799553386702504, 0]
[0, 0, 0.043, 15, 452649369158221779, 0, 600, 6960386895312667912, 0.043, 30, -406915035385813434, 0]
[0, 0, 0.043, 15, 6703085535847351797, 0, 300, 2800034379916238560, 0.043, 30, -847799553386702504, 0]
[0, 0, 0, 15, 7517676864945502366, 0, 30, -324792791450139615, 0]
[0, 0, 0, 15, 5006220646640775594, 0, 30, 4999468416700708884, 0]
[0, 0, 0, 15, 262328462428563808, 0, 30, 6361768112501735463, 0]
[0, 0, 0, 15, -6065141651105246439, 0, 30, 2505278598493814107, 0]
[0, 0, 0, 15, 221083511005134437, 0, 30, -8564934808310159107, 0]
[0, 0, 0, 15, 2336532092141210086, 0, 30, 5339472222102877688, 0]
[0, 0, 0, 15, -6065141651105246439, 0, 30, 7916466171075114426, 0]
[0, 0, 0, 15, 5006220646640775594, 0, 30, -2029081047622054108, 0]
[0, 0, 0, 15, 5054747401180837894, 0, 30, 5009539986683367617, 0]
[0, 0, 0, 15, 7436699038796804036, 0, 30, -3495673832467441996, 0]
[0, 0, 0, 15, 718938164976819939, 0, 30, -7174740840457638191, 0]
[0, 0, 0, 15, -7437274192649914749, 0, 30, 2133617245949847723, 0]
[0, 0, 0, 15, 8498675033949070759, 0, 30, 4351299556127601900, 0]
[0, 0, 0, 15, 5231843095008347141, 0, 30, -4768980304100769842, 0]
[0, 0, 0, 15, 5910288405340892266, 0, 30, 6362564249686881240, 0]
[0, 0, 0, 15, -7447412050269361181, 0, 30, 5106666997204698921, 0]
[0, 0, 0, 15, -5954411557295282961, 0, 30, 8750508395170015172, 0]
[0, 0, 0, 15, -7669045457459607691, 0, 30, 8427163908887947533, 0]
[0, 0, 0, 15, 8324123956596303837, 0, 30, 6376648818527185973, 0]
[0, 0, 0, 15, -2983738090349255757, 0, 30, -8857935887650795815, 0]
[0, 0, 0, 15, 1952942616866128659, 0, 30, -8553722703329678593, 0]
[0, 0, 0, 15, 1181448238259328118, 0, 30, -3162685872214643434, 0]
[0, 0, 0, 15, -4789485023655955772, 0, 30, -2088540558335054723, 0]
[0, 0, 0, 15, 5701568145792960392, 0, 30, 1607188471729014058, 0]
[0, 0, 0, 15, 1261503763550104218, 0, 30, -456921812838151881, 0]
[0, 0, 0, 15, 6477316628676750909, 0, 30, -3559873081617655870, 0]
[0, 0, 0, 15, 8532852485831687959, 0, 30, -6723443058983574727, 0]
[0, 0, 0, 15, -4445976398365368108, 0, 30, 4010786990672913298, 0]
[0, 0, 0, 15, 5645361117578218087, 0, 30, -4739900368089838908, 0]
[0, 0, 0, 15, -109500304886067719, 0, 30, -2584484761567768236, 0]
[0, 0, 0, 15, 6698765868889202807, 0, 30, 5166661779611014877, 0]
[0, 0, 0, 15, 2651275881326747492, 0, 30, 3884953555225680980, 0]
[0, 0, 0, 15, 6272710924084610338, 0, 30, -1522458511440528547, 0]
[0, 0, 0, 15, -5397208271375041032, 0, 30, 5470553162333248197, 0]
[0, 0, 0, 15, 2982403064354197098, 0, 30, -1185364184466901091, 0]
[0, 0, 0, 15, -2142199689785700501, 0, 30, -1813097332915885739, 0]
[0, 0, 0, 15, 5197654828672519389, 0, 30, -8108030304309380223, 0]
[0, 0, 0, 15, -5895046006272581709, 0, 30, 3612410517885730183, 0]
[0, 0, 0, 15, -2043547281393662091, 0, 30, 5728920689062886827, 0]
[0, 0, 0, 15, 1318694609557691936, 0, 30, -4123922777836416376, 0]
[0, 0, 0, 15, -6389589280816940281, 0, 30, 756867247660515188, 0]
[0, 0, 0, 15, 3128994184611342006, 0, 30, 8092230081696033192, 0]
