[0, 0, 0.315, 15, -6824478294649153126, 0, 500, -1097463814882321394, 0.021, 600, -2240727796765891871, 0.043, 600, 6845215129505333349, 0.043, 600, -7750806571178588206, 0.021, 200, 8832417939632217317, 0.051, 600, -1909365585145232572, 0.136, 30, -3548942424762387558, 0]
[0, 0, 0.31, 15, -6824478294649153126, 0, 500, 3505397478512247492, 0.021, 600, -5971099203908516339, 0.021, 600, -5608035033551422220, 0.021, 300, -2363045336432808245, 0.043, 400, -1208078915514755572, 0.025, 600, -5945959192790637965, 0.136, 600, 5343063921728210369, 0.043, 30, 154587219236533938, 0]
[0, 0, 0.307, 15, 7345804212453066886, 0, 400, -5818818053018661499, 0.043, 500, -3934988065575364118, 0.043, 600, 3972933604723565111, 0.043, 20, -5117549431073600396, 0.011, 600, 6175270074489508612, 0.124, 500, -1723136893757973356, 0.043, 30, -4948050522658001593, 0]
[0, 0, 0.306, 15, -6824478294649153126, 0, 500, 3505397478512247492, 0.021, 600, -5971099203908516339, 0.021, 600, 4551728733430583280, 0.043, 600, -7777450626293685288, 0.043, 500, 3644183800286466262, 0.043, 600, -3854540511712259128, 0.043, 500, -2026200257385815683, 0.043, 500, -3224199284738802520, 0.049, 30, -2243134895297835820, 0]
[0, 0, 0.302, 15, 7345804212453066886, 0, 400, -3273997563862835326, 0.013, 500, 3407721935133922689, 0.068, 600, 19824099279987207, 0.043, 20, 7768055415785642798, 0.011, 600, -1816330732097346311, 0.124, 600, -1909365585145232572, 0.043, 30, -3548942424762387558, 0]
[0, 0, 0.302, 15, 7345804212453066886, 0, 400, -3273997563862835326, 0.013, 500, 7437530076834328733, 0.068, 600, 43488525990436463, 0.043, 20, 7768055415785642798, 0.011, 600, -1816330732097346311, 0.124, 600, -1909365585145232572, 0.043, 30, -3548942424762387558, 0]
[0, 0, 0.3, 15, -6824478294649153126, 0, 500, 3505397478512247492, 0.021, 600, -5971099203908516339, 0.021, 600, 4551728733430583280, 0.043, 600, -7777450626293685288, 0.043, 500, 3644183800286466262, 0.043, 500, -1487341997267875543, 0.043, 600, 4064699160482726920, 0.043, 300, 4219386172561922878, 0.043, 30, 6904482908287481982, 0]
[0, 0, 0.3, 15, -6824478294649153126, 0, 500, -6910709823043519030, 0.021, 600, 7625016245126414805, 0.021, 600, 4551728733430583280, 0.043, 600, -7777450626293685288, 0.043, 500, 3644183800286466262, 0.043, 500, -1487341997267875543, 0.043, 600, 4064699160482726920, 0.043, 300, 4219386172561922878, 0.043, 30, 6904482908287481982, 0]
[0, 0, 0.289, 15, -6824478294649153126, 0, 500, -7213132476985479754, 0.021, 600, -5964172220212591909, 0.021, 600, 7908048659109044478, 0.021, 600, -7750806571178588206, 0.021, 400, -1208078915514755572, 0.026, 600, -5945959192790637965, 0.136, 600, 5343063921728210369, 0.043, 30, 154587219236533938, 0]
[0, 0, 0.288, 15, -6824478294649153126, 0, 500, -6910709823043519030, 0.021, 600, 7625016245126414805, 0.021, 600, -3852693834782776077, 0.021, 300, -5040249953037422308, 0.021, 400, -1208078915514755572, 0.025, 600, -5945959192790637965, 0.136, 600, 5343063921728210369, 0.043, 30, 154587219236533938, 0]
[0, 0, 0.284, 15, -6824478294649153126, 0, 500, -7213132476985479754, 0.021, 600, -5964172220212591909, 0.021, 400, 328543051447390145, 0.043, 600, -6811156956856771989, 0.021, 400, -966796482553736898, 0.043, 600, -3854540511712259128, 0.043, 500, -2026200257385815683, 0.043, 500, -3224199284738802520, 0.049, 30, -2243134895297835820, 0]
[0, 0, 0.279, 15, -6824478294649153126, 0, 600, 1694637787938422879, 0.043, 600, 2162893731760000439, 0.043, 400, 5099291774294413689, 0.043, 600, -6811156956856771989, 0.021, 400, -966796482553736898, 0.043, 600, -3854540511712259128, 0.043, 500, -2026200257385815683, 0.043, 30, -1401048380954408248, 0]
[0, 0, 0.279, 15, -6824478294649153126, 0, 600, 1694637787938422879, 0.043, 600, 2162893731760000439, 0.043, 400, 5099291774294413689, 0.043, 600, -6811156956856771989, 0.021, 600, 5120347277583862106, 0.043, 400, -8741953525078129409, 0.043, 600, 833811757989572539, 0.043, 30, -1723045199293608963, 0]
[0, 0, 0.278, 15, -6824478294649153126, 0, 500, -7213132476985479754, 0.021, 600, -5964172220212591909, 0.021, 400, 328543051447390145, 0.043, 600, -6811156956856771989, 0.021, 400, -966796482553736898, 0.043, 600, -3854540511712259128, 0.043, 500, -2026200257385815683, 0.043, 300, -4208768826857745979, 0.043, 30, -7732629770157907033, 0]
[0, 0, 0.278, 15, 7345804212453066886, 0, 400, -3273997563862835326, 0.013, 500, 5071970378656161657, 0.136, 600, 4581279916659084104, 0.043, 600, -8909572899701812485, 0.043, 600, -1508453603623016049, 0.043, 30, 6419391917180271721, 0]
[0, 0, 0.272, 15, -6824478294649153126, 0, 500, 7416311178074635692, 0.021, 600, -7712717835529876746, 0.021, 400, -891065185296538610, 0.021, 600, 7409302794029312502, 0.021, 500, -7614618719991995511, 0.025, 500, 1683860103207891306, 0.068, 600, -5171259406767291367, 0.043, 500, -3224199284738802520, 0.052, 30, -2243134895297835820, 0]
[0, 0, 0.271, 15, -6824478294649153126, 0, 500, 7416311178074635692, 0.021, 600, -7712717835529876746, 0.021, 600, 3230016312374278017, 0.021, 600, -7750806571178588206, 0.021, 200, 8832417939632217317, 0.051, 600, -1909365585145232572, 0.136, 30, -3548942424762387558, 0]
[0, 0, 0.269, 15, -6824478294649153126, 0, 500, -6910709823043519030, 0.021, 600, 7625016245126414805, 0.021, 600, -3852693834782776077, 0.021, 300, -5040249953037422308, 0.021, 400, -1208078915514755572, 0.025, 400, 272711677005250291, 0.068, 500, -2026200257385815683, 0.043, 500, -3224199284738802520, 0.049, 30, -2243134895297835820, 0]
[0, 0, 0.266, 15, -6824478294649153126, 0, 500, -6910709823043519030, 0.021, 600, 7625016245126414805, 0.021, 400, 8962253228954281917, 0.043, 300, 997024346545895926, 0.047, 600, 4035717200224355733, 0.134, 30, 6224422844854007893, 0]
[0, 0, 0.264, 15, -6824478294649153126, 0, 500, -7213132476985479754, 0.021, 600, -5964172220212591909, 0.021, 600, 7908048659109044478, 0.021, 600, -6811156956856771989, 0.021, 500, -7614618719991995511, 0.026, 500, 1683860103207891306, 0.068, 600, 4064699160482726920, 0.043, 300, 4219386172561922878, 0.043, 30, 6904482908287481982, 0]
[0, 0, 0.263, 15, -6824478294649153126, 0, 500, -6910709823043519030, 0.021, 600, 7625016245126414805, 0.021, 600, -3852693834782776077, 0.021, 300, -5040249953037422308, 0.021, 400, -1208078915514755572, 0.025, 400, 272711677005250291, 0.068, 500, -2026200257385815683, 0.043, 300, -4208768826857745979, 0.043, 30, -7732629770157907033, 0]
[0, 0, 0.263, 15, -6824478294649153126, 0, 500, 7416311178074635692, 0.021, 600, -7712717835529876746, 0.021, 600, 3230016312374278017, 0.021, 600, 7409302794029312502, 0.021, 500, -7614618719991995511, 0.025, 500, 1683860103207891306, 0.068, 600, 4064699160482726920, 0.043, 300, 4219386172561922878, 0.043, 30, 6904482908287481982, 0]
[0, 0, 0.263, 15, -6824478294649153126, 0, 500, 7416311178074635692, 0.021, 600, -7712717835529876746, 0.021, 400, -891065185296538610, 0.021, 600, 7409302794029312502, 0.021, 500, -7614618719991995511, 0.025, 500, 1683860103207891306, 0.068, 600, 4064699160482726920, 0.043, 600, 1032376578143068329, 0.043, 30, -1211867521855862734, 0]
[0, 0, 0.263, 15, -6824478294649153126, 0, 500, 7416311178074635692, 0.021, 600, -7712717835529876746, 0.021, 600, 3230016312374278017, 0.021, 600, -7750806571178588206, 0.021, 500, -7614618719991995511, 0.025, 500, 1683860103207891306, 0.068, 600, 4064699160482726920, 0.043, 300, 4219386172561922878, 0.043, 30, 6904482908287481982, 0]
[0, 0, 0.263, 15, -6824478294649153126, 0, 500, -7213132476985479754, 0.021, 600, -5964172220212591909, 0.021, 600, 7908048659109044478, 0.021, 600, -7750806571178588206, 0.021, 500, -7614618719991995511, 0.025, 500, 1683860103207891306, 0.068, 600, 4064699160482726920, 0.043, 600, 1032376578143068329, 0.043, 30, -1211867521855862734, 0]
[0, 0, 0.262, 15, -6824478294649153126, 0, 500, 7416311178074635692, 0.021, 600, -7712717835529876746, 0.021, 600, 3230016312374278017, 0.021, 600, -7750806571178588206, 0.021, 500, 3644183800286466262, 0.043, 600, -3854540511712259128, 0.043, 500, -2026200257385815683, 0.043, 500, -3224199284738802520, 0.049, 30, -2243134895297835820, 0]
[0, 0, 0.262, 15, -6824478294649153126, 0, 500, -6910709823043519030, 0.021, 600, 7625016245126414805, 0.021, 600, -3852693834782776077, 0.021, 300, -5040249953037422308, 0.021, 400, -966796482553736898, 0.043, 600, -3854540511712259128, 0.043, 500, -2026200257385815683, 0.043, 500, -3224199284738802520, 0.049, 30, -2243134895297835820, 0]
[0, 0, 0.257, 15, -6824478294649153126, 0, 500, 3505397478512247492, 0.021, 600, -5971099203908516339, 0.021, 600, 4551728733430583280, 0.043, 600, -7777450626293685288, 0.043, 500, 3644183800286466262, 0.043, 600, -3854540511712259128, 0.043, 500, -2026200257385815683, 0.043, 30, -1401048380954408248, 0]
[0, 0, 0.257, 15, -6824478294649153126, 0, 500, -6910709823043519030, 0.021, 600, 7625016245126414805, 0.021, 400, 8962253228954281917, 0.043, 600, -6960268427397925020, 0.043, 600, -3396076554095946627, 0.043, 600, -5945959192790637965, 0.043, 600, 5343063921728210369, 0.043, 30, 154587219236533938, 0]
[0, 0, 0.256, 15, -6824478294649153126, 0, 500, -7213132476985479754, 0.021, 600, -5964172220212591909, 0.021, 600, 7908048659109044478, 0.021, 600, -7750806571178588206, 0.021, 500, 3644183800286466262, 0.043, 600, -3854540511712259128, 0.043, 500, -2026200257385815683, 0.043, 300, -4208768826857745979, 0.043, 30, -7732629770157907033, 0]
[0, 0, 0.256, 15, -6824478294649153126, 0, 500, -7213132476985479754, 0.021, 600, -5964172220212591909, 0.021, 600, 7908048659109044478, 0.021, 600, -6811156956856771989, 0.021, 400, -966796482553736898, 0.043, 600, -3854540511712259128, 0.043, 500, -2026200257385815683, 0.043, 300, -4208768826857745979, 0.043, 30, -7732629770157907033, 0]
[0, 0, 0.256, 15, -6824478294649153126, 0, 500, -6910709823043519030, 0.021, 600, 7625016245126414805, 0.021, 600, -3852693834782776077, 0.021, 300, -5040249953037422308, 0.021, 400, -966796482553736898, 0.043, 600, -3854540511712259128, 0.043, 500, -2026200257385815683, 0.043, 300, -4208768826857745979, 0.043, 30, -7732629770157907033, 0]
[0, 0, 0.256, 15, -6824478294649153126, 0, 500, -6910709823043519030, 0.021, 600, 7625016245126414805, 0.021, 600, -3852693834782776077, 0.021, 300, -5040249953037422308, 0.021, 400, -966796482553736898, 0.043, 600, -3854540511712259128, 0.043, 500, -2026200257385815683, 0.043, 600, 1032376578143068329, 0.043, 30, -1211867521855862734, 0]
[0, 0, 0.256, 15, -6824478294649153126, 0, 500, -6910709823043519030, 0.021, 600, 7625016245126414805, 0.021, 600, -3852693834782776077, 0.021, 300, -5040249953037422308, 0.021, 300, 5369699270890031235, 0.043, 400, -8741953525078129409, 0.043, 600, 833811757989572539, 0.043, 600, 1032376578143068329, 0.043, 30, -1211867521855862734, 0]
[0, 0, 0.236, 15, -6824478294649153126, 0, 600, 1694637787938422879, 0.043, 600, 2162893731760000439, 0.043, 400, 5099291774294413689, 0.043, 600, -6811156956856771989, 0.021, 300, 4716473854615924690, 0.043, 600, -3987299774128872097, 0.043, 30, -6302195601217148022, 0]
[0, 0, 0.236, 15, -6824478294649153126, 0, 600, 1694637787938422879, 0.043, 600, 2162893731760000439, 0.043, 400, 5099291774294413689, 0.043, 600, -6811156956856771989, 0.021, 300, 4716473854615924690, 0.043, 500, -1723136893757973356, 0.043, 30, -4948050522658001593, 0]
[0, 0, 0.236, 15, -6824478294649153126, 0, 600, 1694637787938422879, 0.043, 600, 2162893731760000439, 0.043, 400, 5099291774294413689, 0.043, 600, -6811156956856771989, 0.021, 300, 4716473854615924690, 0.043, 500, -5452580782768837001, 0.043, 30, 664087748225297098, 0]
[0, 0, 0.236, 15, -6824478294649153126, 0, 600, 1694637787938422879, 0.043, 600, 2162893731760000439, 0.043, 400, -4006329973778553685, 0.043, 600, -6811156956856771989, 0.021, 300, 4716473854615924690, 0.043, 500, -5452580782768837001, 0.043, 30, 664087748225297098, 0]
[0, 0, 0.235, 15, -6824478294649153126, 0, 500, -7213132476985479754, 0.021, 600, -5964172220212591909, 0.021, 400, 328543051447390145, 0.043, 600, -6811156956856771989, 0.021, 400, -966796482553736898, 0.043, 600, -3854540511712259128, 0.043, 500, -2026200257385815683, 0.043, 30, -1401048380954408248, 0]
[0, 0, 0.235, 15, -6824478294649153126, 0, 500, -7213132476985479754, 0.021, 600, -5964172220212591909, 0.021, 400, 328543051447390145, 0.043, 600, -6811156956856771989, 0.021, 600, 5120347277583862106, 0.043, 400, -8741953525078129409, 0.043, 600, 833811757989572539, 0.043, 30, -1723045199293608963, 0]
[0, 0, 0.235, 15, -5029717367658840847, 0, 400, -3273997563862835326, 0.013, 500, -7572901034925295789, 0.136, 600, -8909572899701812485, 0.043, 600, -1508453603623016049, 0.043, 30, 6419391917180271721, 0]
[0, 0, 0.235, 15, -6824478294649153126, 0, 400, -3273997563862835326, 0.013, 500, -7572901034925295789, 0.136, 600, -8909572899701812485, 0.043, 600, -1508453603623016049, 0.043, 30, 6419391917180271721, 0]
[0, 0, 0.235, 15, -6824478294649153126, 0, 500, -6910709823043519030, 0.021, 600, 7625016245126414805, 0.021, 600, -3852693834782776077, 0.021, 400, -4793182679658220206, 0.043, 600, -6946651111467371734, 0.043, 600, -5945959192790637965, 0.043, 600, 5343063921728210369, 0.043, 30, 154587219236533938, 0]
[0, 0, 0.23, 15, -6824478294649153126, 0, 400, -1113289186409175336, 0.051, 600, -8909572899701812485, 0.136, 600, -1508453603623016049, 0.043, 30, 6419391917180271721, 0]
[0, 0, 0.22, 15, -6824478294649153126, 0, 500, -6910709823043519030, 0.021, 600, 7625016245126414805, 0.021, 600, -3852693834782776077, 0.021, 300, -5040249953037422308, 0.021, 400, -1208078915514755572, 0.025, 400, 272711677005250291, 0.068, 500, -2026200257385815683, 0.043, 30, -1401048380954408248, 0]
[0, 0, 0.214, 15, -6824478294649153126, 0, 500, 3505397478512247492, 0.021, 600, -5971099203908516339, 0.021, 600, 4551728733430583280, 0.043, 600, -7777450626293685288, 0.043, 500, 3644183800286466262, 0.043, 500, -1487341997267875543, 0.043, 30, -8635552186317614735, 0]
[0, 0, 0.213, 15, -6824478294649153126, 0, 500, 7416311178074635692, 0.021, 600, -7712717835529876746, 0.021, 600, 3230016312374278017, 0.021, 600, -7750806571178588206, 0.021, 300, 5369699270890031235, 0.043, 400, -8741953525078129409, 0.043, 600, 833811757989572539, 0.043, 30, -1723045199293608963, 0]
[0, 0, 0.213, 15, -6824478294649153126, 0, 500, -7213132476985479754, 0.021, 600, -5964172220212591909, 0.021, 600, 7908048659109044478, 0.021, 600, -6811156956856771989, 0.021, 600, -3396076554095946627, 0.043, 600, -5945959192790637965, 0.043, 600, 5343063921728210369, 0.043, 30, 154587219236533938, 0]
[0, 0, 0.213, 15, -6824478294649153126, 0, 500, -6910709823043519030, 0.021, 600, 7625016245126414805, 0.021, 600, -3852693834782776077, 0.021, 300, -5040249953037422308, 0.021, 400, -966796482553736898, 0.043, 600, -3854540511712259128, 0.043, 500, -2026200257385815683, 0.043, 30, -1401048380954408248, 0]
[0, 0, 0.213, 15, -6824478294649153126, 0, 500, -6910709823043519030, 0.021, 600, 7625016245126414805, 0.021, 600, -3852693834782776077, 0.021, 300, -5040249953037422308, 0.021, 600, 5120347277583862106, 0.043, 400, -8741953525078129409, 0.043, 600, 833811757989572539, 0.043, 30, -1723045199293608963, 0]
[0, 0, 0.2, 15, -6824478294649153126, 0, 500, -7213132476985479754, 0.021, 600, -5964172220212591909, 0.021, 400, 328543051447390145, 0.043, 600, -6811156956856771989, 0.021, 500, -7614618719991995511, 0.026, 500, 1683860103207891306, 0.068, 30, 1604419974918386632, 0]
[0, 0, 0.2, 15, -6824478294649153126, 0, 500, -2666715392584370019, 0.043, 600, 2223163353502735740, 0.043, 600, 7409302794029312502, 0.021, 500, -7614618719991995511, 0.025, 500, 1683860103207891306, 0.068, 30, 1604419974918386632, 0]
[0, 0, 0.197, 15, 326405497848090140, 0, 400, 6641556880208523578, 0.054, 500, 2663725588097560883, 0.143, 30, -1862309250735207201, 0]
[0, 0, 0.197, 15, -8674040930379676185, 0, 400, 6641556880208523578, 0.054, 500, 2663725588097560883, 0.143, 30, -1862309250735207201, 0]
[0, 0, 0.197, 15, -1530561398272901150, 0, 400, 6641556880208523578, 0.054, 500, 2663725588097560883, 0.143, 30, -1862309250735207201, 0]
[0, 0, 0.192, 15, -6824478294649153126, 0, 500, 3505397478512247492, 0.021, 600, -5971099203908516339, 0.021, 600, -5608035033551422220, 0.021, 400, -4793182679658220206, 0.043, 600, -8175067551480601967, 0.043, 600, 4035717200224355733, 0.043, 30, 6224422844854007893, 0]
[0, 0, 0.192, 15, -6824478294649153126, 0, 500, -6910709823043519030, 0.021, 600, 7625016245126414805, 0.021, 600, -3852693834782776077, 0.021, 400, -4793182679658220206, 0.043, 500, 3644183800286466262, 0.043, 500, -1487341997267875543, 0.043, 30, -8635552186317614735, 0]
[0, 0, 0.192, 15, -6824478294649153126, 0, 500, -6910709823043519030, 0.021, 600, 7625016245126414805, 0.021, 600, -3852693834782776077, 0.021, 400, -4793182679658220206, 0.043, 600, -8175067551480601967, 0.043, 600, 4035717200224355733, 0.043, 30, 6224422844854007893, 0]
[0, 0, 0.177, 15, -6824478294649153126, 0, 500, 7416311178074635692, 0.021, 600, -7712717835529876746, 0.021, 600, 3230016312374278017, 0.021, 600, 7409302794029312502, 0.021, 500, -7614618719991995511, 0.025, 500, 1683860103207891306, 0.068, 30, 1604419974918386632, 0]
[0, 0, 0.177, 15, -6824478294649153126, 0, 500, 7416311178074635692, 0.021, 600, -7712717835529876746, 0.021, 400, -891065185296538610, 0.021, 600, 7409302794029312502, 0.021, 500, -7614618719991995511, 0.025, 500, 1683860103207891306, 0.068, 30, 1604419974918386632, 0]
[0, 0, 0.177, 15, -6824478294649153126, 0, 500, 7416311178074635692, 0.021, 600, -7712717835529876746, 0.021, 600, 3230016312374278017, 0.021, 600, -7750806571178588206, 0.021, 500, -7614618719991995511, 0.025, 500, 1683860103207891306, 0.068, 30, 1604419974918386632, 0]
[0, 0, 0.177, 15, -6824478294649153126, 0, 500, -7213132476985479754, 0.021, 600, -5964172220212591909, 0.021, 600, 7908048659109044478, 0.021, 600, -7750806571178588206, 0.021, 500, -7614618719991995511, 0.025, 500, 1683860103207891306, 0.068, 30, 1604419974918386632, 0]
[0, 0, 0.172, 15, -6824478294649153126, 0, 600, 4283660460571070790, 0.043, 600, -1077068415315168170, 0.043, 400, -4793182679658220206, 0.043, 500, -4882525018404981590, 0.043, 30, -6100524610638541279, 0]
[0, 0, 0.172, 15, -5872968124637036344, 0, 400, 8451304306869710068, 0.043, 500, -2133828653679799405, 0.043, 600, -9216297967389700882, 0.043, 600, -6133552714998485321, 0.043, 30, 1185890115134321625, 0]
[0, 0, 0.171, 15, -6824478294649153126, 0, 500, -7213132476985479754, 0.021, 600, -5964172220212591909, 0.021, 600, -1713490338665897990, 0.043, 600, -1803443730545857949, 0.043, 600, -3987299774128872097, 0.043, 30, -6302195601217148022, 0]
[0, 0, 0.171, 15, -6824478294649153126, 0, 500, -7213132476985479754, 0.021, 600, -5964172220212591909, 0.021, 400, 328543051447390145, 0.043, 600, -8175067551480601967, 0.043, 600, 4035717200224355733, 0.043, 30, 6224422844854007893, 0]
[0, 0, 0.171, 15, -6824478294649153126, 0, 500, 7416311178074635692, 0.021, 600, -7712717835529876746, 0.021, 500, -1853248633296592786, 0.043, 600, -8175067551480601967, 0.043, 600, 4035717200224355733, 0.043, 30, 6224422844854007893, 0]
[0, 0, 0.17, 15, -6824478294649153126, 0, 500, 7416311178074635692, 0.021, 600, -7712717835529876746, 0.021, 600, 3230016312374278017, 0.021, 600, 1962267135740351414, 0.043, 600, -8916993438351407389, 0.043, 500, 1683860103207891306, 0.021, 30, 1604419974918386632, 0]
[0, 0, 0.17, 15, -6824478294649153126, 0, 500, 7416311178074635692, 0.021, 600, -7712717835529876746, 0.021, 400, -891065185296538610, 0.021, 500, 2845333731503732745, 0.043, 600, -8916993438351407389, 0.043, 500, 1683860103207891306, 0.021, 30, 1604419974918386632, 0]
[0, 0, 0.17, 15, -6824478294649153126, 0, 500, 7416311178074635692, 0.021, 600, -7712717835529876746, 0.021, 600, 3230016312374278017, 0.021, 600, -7750806571178588206, 0.021, 600, 410951197484359939, 0.043, 500, -1487341997267875543, 0.043, 30, -8635552186317614735, 0]
[0, 0, 0.17, 15, -6824478294649153126, 0, 500, 7416311178074635692, 0.021, 600, -7712717835529876746, 0.021, 600, 3230016312374278017, 0.021, 600, -7750806571178588206, 0.021, 300, 4716473854615924690, 0.043, 500, -1723136893757973356, 0.043, 30, -4948050522658001593, 0]
[0, 0, 0.17, 15, -6824478294649153126, 0, 500, -7213132476985479754, 0.021, 600, -5964172220212591909, 0.021, 600, 7908048659109044478, 0.021, 600, -7750806571178588206, 0.021, 500, 3644183800286466262, 0.043, 500, -1487341997267875543, 0.043, 30, -8635552186317614735, 0]
[0, 0, 0.17, 15, -6824478294649153126, 0, 500, -7213132476985479754, 0.021, 600, -5964172220212591909, 0.021, 600, 7908048659109044478, 0.021, 600, -7750806571178588206, 0.021, 600, 410951197484359939, 0.043, 600, 833811757989572539, 0.043, 30, -1723045199293608963, 0]
[0, 0, 0.17, 15, -6824478294649153126, 0, 500, -7213132476985479754, 0.021, 600, -5964172220212591909, 0.021, 600, 7908048659109044478, 0.021, 600, -7750806571178588206, 0.021, 300, 4716473854615924690, 0.043, 500, -5452580782768837001, 0.043, 30, 664087748225297098, 0]
[0, 0, 0.17, 15, -6824478294649153126, 0, 500, -7213132476985479754, 0.021, 600, -5964172220212591909, 0.021, 600, 7908048659109044478, 0.021, 600, -6811156956856771989, 0.021, 300, 4716473854615924690, 0.043, 600, -3987299774128872097, 0.043, 30, -6302195601217148022, 0]
[0, 0, 0.149, 15, -6824478294649153126, 0, 500, 3505397478512247492, 0.021, 600, -5971099203908516339, 0.021, 600, -5608035033551422220, 0.021, 400, -4793182679658220206, 0.043, 500, -4882525018404981590, 0.043, 30, -6100524610638541279, 0]
[0, 0, 0.149, 15, -6824478294649153126, 0, 600, -5964172220212591909, 0.021, 600, 7908048659109044478, 0.021, 600, -7750806571178588206, 0.021, 300, 4716473854615924690, 0.043, 500, -5452580782768837001, 0.043, 30, 664087748225297098, 0]
[0, 0, 0.149, 15, -6824478294649153126, 0, 500, 7416311178074635692, 0.021, 600, -7712717835529876746, 0.021, 600, 3230016312374278017, 0.021, 600, 1962267135740351414, 0.043, 500, -6269907253350447834, 0.043, 30, -5307450180885248650, 0]
[0, 0, 0.149, 15, -3947072161962468150, 0, 500, 7416311178074635692, 0.021, 600, -7712717835529876746, 0.021, 600, 3230016312374278017, 0.021, 600, 1962267135740351414, 0.043, 500, -6269907253350447834, 0.043, 30, -5307450180885248650, 0]
[0, 0, 0.149, 15, 8594593433197085181, 0, 500, 7416311178074635692, 0.021, 600, -7712717835529876746, 0.021, 600, 3230016312374278017, 0.021, 600, 1962267135740351414, 0.043, 500, -6269907253350447834, 0.043, 30, -5307450180885248650, 0]
[0, 0, 0.149, 15, -6824478294649153126, 0, 500, -7213132476985479754, 0.021, 600, -5964172220212591909, 0.021, 600, 7908048659109044478, 0.021, 600, -8175067551480601967, 0.043, 600, 4035717200224355733, 0.043, 30, 6224422844854007893, 0]
[0, 0, 0.129, 15, -2559334743007213472, 0, 500, -2133828653679799405, 0.043, 600, -9216297967389700882, 0.043, 600, -6133552714998485321, 0.043, 30, 1185890115134321625, 0]
[0, 0, 0.129, 15, 8731518802176852800, 0, 400, 1279393404792146612, 0.043, 600, -9216297967389700882, 0.043, 600, -6133552714998485321, 0.043, 30, 1185890115134321625, 0]
[0, 0, 0.129, 15, 6489741190750498266, 0, 400, 1279393404792146612, 0.043, 600, -9216297967389700882, 0.043, 600, -6133552714998485321, 0.043, 30, 1185890115134321625, 0]
[0, 0, 0.128, 15, -6824478294649153126, 0, 600, -5971099203908516339, 0.021, 600, -5608035033551422220, 0.021, 400, -4793182679658220206, 0.043, 500, -4882525018404981590, 0.043, 30, -6100524610638541279, 0]
[0, 0, 0.128, 15, -6824478294649153126, 0, 600, -7712717835529876746, 0.021, 600, 3230016312374278017, 0.021, 600, 1962267135740351414, 0.043, 500, -6269907253350447834, 0.043, 30, -5307450180885248650, 0]
[0, 0, 0.128, 15, -6824478294649153126, 0, 600, 7625016245126414805, 0.021, 600, -3852693834782776077, 0.021, 400, -4793182679658220206, 0.043, 500, -4882525018404981590, 0.043, 30, -6100524610638541279, 0]
[0, 0, 0.127, 15, -6824478294649153126, 0, 500, -7213132476985479754, 0.021, 600, -5964172220212591909, 0.021, 600, 7908048659109044478, 0.021, 600, -6811156956856771989, 0.021, 600, -1909365585145232572, 0.043, 30, -3548942424762387558, 0]
[0, 0, 0.127, 15, -6824478294649153126, 0, 500, 7416311178074635692, 0.021, 600, -7712717835529876746, 0.021, 400, -891065185296538610, 0.021, 600, 7409302794029312502, 0.021, 500, -1723136893757973356, 0.043, 30, -4948050522658001593, 0]
[0, 0, 0.106, 15, -6824478294649153126, 0, 500, 7416311178074635692, 0.021, 600, -7712717835529876746, 0.021, 600, 3230016312374278017, 0.021, 500, -4882525018404981590, 0.043, 30, -6100524610638541279, 0]
[0, 0, 0.106, 15, -6824478294649153126, 0, 500, 7416311178074635692, 0.021, 600, -7712717835529876746, 0.021, 400, -891065185296538610, 0.021, 500, -6269907253350447834, 0.043, 30, -5307450180885248650, 0]
[0, 0, 0.086, 15, -6824478294649153126, 0, 500, -2666715392584370019, 0.043, 500, -6269907253350447834, 0.043, 30, -5307450180885248650, 0]
[0, 0, 0.086, 15, 5065788318750692402, 0, 600, -3261844177782269029, 0.043, 600, -6133552714998485321, 0.043, 30, 1185890115134321625, 0]
[0, 0, 0.086, 15, -531337996706523536, 0, 400, 6181716876366294961, 0.043, 500, -1966901156546990625, 0.043, 30, -1913678825823998156, 0]
[0, 0, 0.052, 15, 2010410787806896823, 0, 500, 2663725588097560883, 0.052, 30, -1862309250735207201, 0]
[0, 0, 0.052, 15, -3947072161962468150, 0, 300, 5689118798427976501, 0.052, 30, 3905723968663472320, 0]
[0, 0, 0.051, 15, 8731518802176852800, 0, 500, 2663725588097560883, 0.051, 30, -1862309250735207201, 0]
[0, 0, 0.051, 15, -5872968124637036344, 0, 400, 5686111984195979756, 0.051, 30, -8272649489623035199, 0]
[0, 0, 0.049, 15, 6489741190750498266, 0, 400, 5686111984195979756, 0.049, 30, -8272649489623035199, 0]
[0, 0, 0.043, 15, -6824478294649153126, 0, 600, -6133552714998485321, 0.043, 30, 1185890115134321625, 0]
[0, 0, 0.043, 15, -3947072161962468150, 0, 500, -1966901156546990625, 0.043, 30, -1913678825823998156, 0]
