0.0 0.0 0.051 15.0 -5.51939412381811e+18 0.0 400.0 -5.507449564841453e+18 0.051 30.0 -9.21784547737633e+18 0.0
0.0 0.0 0.051 15.0 -5.51939412381811e+18 0.0 400.0 -5.507449564841453e+18 0.051 30.0 -9.21784547737633e+18 0.0
0.0 0.0 0.051 15.0 4.2034336618599526e+17 0.0 400.0 -5.507449564841453e+18 0.051 30.0 -9.21784547737633e+18 0.0
0.0 0.0 0.049 15.0 5.110628169422636e+18 0.0 400.0 -5.507449564841453e+18 0.049 30.0 -9.21784547737633e+18 0.0
0.0 0.0 0.049 15.0 -5.223254114291148e+18 0.0 400.0 -5.507449564841453e+18 0.049 30.0 -9.21784547737633e+18 0.0
0.0 0.0 0.043 15.0 -5.51939412381811e+18 0.0 400.0 -8.798793048527507e+18 0.043 30.0 8.464029090776675e+18 0.0
0.0 0.0 0.043 15.0 5.556802416369687e+18 0.0 400.0 -8.798793048527507e+18 0.043 30.0 8.464029090776675e+18 0.0
0.0 0.0 0.043 15.0 4.2034336618599526e+17 0.0 400.0 -8.798793048527507e+18 0.043 30.0 8.464029090776675e+18 0.0
0.0 0.0 0.043 15.0 -5.223254114291148e+18 0.0 400.0 -8.798793048527507e+18 0.043 30.0 8.464029090776675e+18 0.0
0.0 0.0 0.035 15.0 -5.51939412381811e+18 0.0 400.0 -8.798793048527507e+18 0.035 30.0 8.464029090776675e+18 0.0
