[0, 0, 0.458, 15, -2522056508680556377, 0, 500, -5130896741820797179, 0.051, 600, -4389750591065408276, 0.136, 500, -5884191316558670401, 0.043, 500, -157165845073864803, 0.043, 300, 3385922538121677934, 0.051, 600, -5395438574924413235, 0.134, 30, 4535514500192342155, 0]
[0, 0, 0.433, 15, -2522056508680556377, 0, 300, 8733700341923444430, 0.026, 600, -668185039564253913, 0.136, 500, -5884191316558670401, 0.043, 500, -157165845073864803, 0.043, 300, 3385922538121677934, 0.051, 600, 6559011593462978792, 0.134, 30, 611293842513244255, 0]
[0, 0, 0.433, 15, -2522056508680556377, 0, 300, 8733700341923444430, 0.026, 600, -668185039564253913, 0.136, 600, 3130672836156015238, 0.043, 500, -157165845073864803, 0.043, 300, 3385922538121677934, 0.051, 600, -5395438574924413235, 0.134, 30, 4535514500192342155, 0]
[0, 0, 0.433, 15, -2522056508680556377, 0, 300, 8733700341923444430, 0.026, 600, -668185039564253913, 0.136, 500, -5884191316558670401, 0.043, 500, -157165845073864803, 0.043, 300, 3385922538121677934, 0.051, 600, -5395438574924413235, 0.134, 30, 4535514500192342155, 0]
[0, 0, 0.363, 15, -2522056508680556377, 0, 400, -3708392235598196136, 0.043, 600, -4389750591065408276, 0.043, 600, -5087130037153155030, 0.043, 200, -292490037357077184, 0.053, 500, 5962093294175739108, 0.138, 600, 3093298778650465075, 0.043, 30, 7561867603543702786, 0]
[0, 0, 0.359, 15, -2522056508680556377, 0, 500, -5130896741820797179, 0.051, 600, -4389750591065408276, 0.136, 500, -5884191316558670401, 0.043, 500, -157165845073864803, 0.043, 500, 5962093294175739108, 0.043, 600, 6967224496284349079, 0.043, 30, -1932628237015591442, 0]
[0, 0, 0.359, 15, -2522056508680556377, 0, 500, -5130896741820797179, 0.051, 600, -4389750591065408276, 0.136, 500, -5884191316558670401, 0.043, 500, -157165845073864803, 0.043, 600, -3978111469211507110, 0.043, 600, -4215290589514603224, 0.043, 30, -8040434479444023413, 0]
[0, 0, 0.357, 15, -2522056508680556377, 0, 400, -3708392235598196136, 0.043, 600, -4389750591065408276, 0.043, 500, -7246389567558886607, 0.043, 500, -157165845073864803, 0.043, 300, 3385922538121677934, 0.051, 600, 6559011593462978792, 0.134, 30, 611293842513244255, 0]
[0, 0, 0.357, 15, -2589070849813377332, 0, 600, 2455628173486609764, 0.043, 200, 5694026225550744552, 0.043, 600, 3130672836156015238, 0.043, 500, -157165845073864803, 0.043, 300, 3385922538121677934, 0.051, 600, 6559011593462978792, 0.134, 30, 611293842513244255, 0]
[0, 0, 0.357, 15, -2522056508680556377, 0, 600, 2455628173486609764, 0.043, 200, 5694026225550744552, 0.043, 600, 3130672836156015238, 0.043, 500, -157165845073864803, 0.043, 300, 3385922538121677934, 0.051, 600, 6559011593462978792, 0.134, 30, 611293842513244255, 0]
[0, 0, 0.357, 15, -2522056508680556377, 0, 400, -3708392235598196136, 0.043, 600, -4389750591065408276, 0.043, 500, -5884191316558670401, 0.043, 500, -157165845073864803, 0.043, 300, 3385922538121677934, 0.051, 600, -5395438574924413235, 0.134, 30, 4535514500192342155, 0]
[0, 0, 0.357, 15, -5158190186782029742, 0, 600, 2455628173486609764, 0.043, 200, 5694026225550744552, 0.043, 600, 3130672836156015238, 0.043, 500, -157165845073864803, 0.043, 300, 3385922538121677934, 0.051, 600, -5395438574924413235, 0.134, 30, 4535514500192342155, 0]
[0, 0, 0.357, 15, -2522056508680556377, 0, 400, -3708392235598196136, 0.043, 600, -4389750591065408276, 0.043, 600, 3130672836156015238, 0.043, 500, -157165845073864803, 0.043, 300, 3385922538121677934, 0.051, 600, -5395438574924413235, 0.134, 30, 4535514500192342155, 0]
[0, 0, 0.347, 15, -2522056508680556377, 0, 300, 8733700341923444430, 0.026, 600, -668185039564253913, 0.136, 500, 1144806101844144799, 0.049, 500, 186356648707022867, 0.136, 30, -1199971687316580276, 0]
[0, 0, 0.334, 15, -2522056508680556377, 0, 300, 8733700341923444430, 0.026, 600, -668185039564253913, 0.136, 600, 3130672836156015238, 0.043, 600, 1947976858555581778, 0.043, 600, 2939132445401283417, 0.043, 500, 2982224548054860444, 0.043, 30, 3429672895917102835, 0]
[0, 0, 0.334, 15, -2522056508680556377, 0, 300, 8733700341923444430, 0.026, 600, -668185039564253913, 0.136, 600, 3130672836156015238, 0.043, 500, -157165845073864803, 0.043, 500, 5962093294175739108, 0.043, 600, 3093298778650465075, 0.043, 30, 7561867603543702786, 0]
[0, 0, 0.317, 15, 3927786196306290681, 0, 500, -5786318905295144311, 0.052, 500, 3457971715440616834, 0.136, 600, -1854884038290368690, 0.043, 600, 6247556193302205091, 0.043, 500, 186356648707022867, 0.043, 30, -1199971687316580276, 0]
[0, 0, 0.316, 15, -2522056508680556377, 0, 400, -3708392235598196136, 0.043, 600, -4389750591065408276, 0.043, 500, 1144806101844144799, 0.051, 600, 6247556193302205091, 0.136, 500, 186356648707022867, 0.043, 30, -1199971687316580276, 0]
[0, 0, 0.316, 15, -2522056508680556377, 0, 500, -5130896741820797179, 0.051, 600, -4389750591065408276, 0.136, 500, -7246389567558886607, 0.043, 600, -5597578007559281635, 0.043, 600, -4950422128996291549, 0.043, 30, -7393516996222615924, 0]
[0, 0, 0.316, 15, -2522056508680556377, 0, 500, -5130896741820797179, 0.051, 600, -4389750591065408276, 0.136, 500, -5884191316558670401, 0.043, 600, -5385557840079974949, 0.043, 600, -2390851367146539526, 0.043, 30, -6046334524673858003, 0]
[0, 0, 0.314, 15, -2522056508680556377, 0, 500, -5786318905295144311, 0.049, 500, 3457971715440616834, 0.136, 400, -5779166048522587496, 0.043, 600, -474554931771472049, 0.043, 600, 6967224496284349079, 0.043, 30, -1932628237015591442, 0]
[0, 0, 0.314, 15, -2522056508680556377, 0, 500, -5786318905295144311, 0.049, 500, 3457971715440616834, 0.136, 600, -1854884038290368690, 0.043, 600, 6247556193302205091, 0.043, 500, 186356648707022867, 0.043, 30, -1199971687316580276, 0]
[0, 0, 0.291, 15, -2522056508680556377, 0, 300, 8733700341923444430, 0.026, 600, -668185039564253913, 0.136, 600, 3130672836156015238, 0.043, 600, -5385557840079974949, 0.043, 600, -2390851367146539526, 0.043, 30, -6046334524673858003, 0]
[0, 0, 0.291, 15, -2522056508680556377, 0, 300, 8733700341923444430, 0.026, 600, -668185039564253913, 0.136, 500, -7246389567558886607, 0.043, 600, -5597578007559281635, 0.043, 600, -4950422128996291549, 0.043, 30, -7393516996222615924, 0]
[0, 0, 0.274, 15, -5158190186782029742, 0, 600, 2455628173486609764, 0.043, 500, 1144806101844144799, 0.052, 600, 6247556193302205091, 0.136, 500, 186356648707022867, 0.043, 30, -1199971687316580276, 0]
[0, 0, 0.258, 15, -5158190186782029742, 0, 600, 2455628173486609764, 0.043, 200, 5694026225550744552, 0.043, 600, 3130672836156015238, 0.043, 600, 1947976858555581778, 0.043, 600, 2939132445401283417, 0.043, 500, 2982224548054860444, 0.043, 30, 3429672895917102835, 0]
[0, 0, 0.258, 15, -2522056508680556377, 0, 400, -3708392235598196136, 0.043, 600, -4389750591065408276, 0.043, 500, -5884191316558670401, 0.043, 600, 1947976858555581778, 0.043, 600, 2939132445401283417, 0.043, 500, 2982224548054860444, 0.043, 30, 3429672895917102835, 0]
[0, 0, 0.258, 15, -2522056508680556377, 0, 400, -3708392235598196136, 0.043, 600, -4389750591065408276, 0.043, 600, 1196306886598938635, 0.043, 500, 4678358931591110280, 0.043, 600, 2939132445401283417, 0.043, 500, 2982224548054860444, 0.043, 30, 3429672895917102835, 0]
[0, 0, 0.258, 15, -2522056508680556377, 0, 400, -3708392235598196136, 0.043, 600, -4389750591065408276, 0.043, 600, -7482917049386433811, 0.043, 500, 4678358931591110280, 0.043, 600, 2939132445401283417, 0.043, 500, 2982224548054860444, 0.043, 30, 3429672895917102835, 0]
[0, 0, 0.258, 15, -2522056508680556377, 0, 400, -3708392235598196136, 0.043, 600, -4389750591065408276, 0.043, 500, -7246389567558886607, 0.043, 500, -157165845073864803, 0.043, 500, 5962093294175739108, 0.043, 600, 6967224496284349079, 0.043, 30, -1932628237015591442, 0]
[0, 0, 0.258, 15, -2589070849813377332, 0, 600, 2455628173486609764, 0.043, 200, 5694026225550744552, 0.043, 600, 3130672836156015238, 0.043, 500, -157165845073864803, 0.043, 500, 5962093294175739108, 0.043, 600, 6967224496284349079, 0.043, 30, -1932628237015591442, 0]
[0, 0, 0.258, 15, -2522056508680556377, 0, 600, 2455628173486609764, 0.043, 200, 5694026225550744552, 0.043, 600, 3130672836156015238, 0.043, 500, -157165845073864803, 0.043, 500, 5962093294175739108, 0.043, 600, 6967224496284349079, 0.043, 30, -1932628237015591442, 0]
[0, 0, 0.258, 15, -2522056508680556377, 0, 400, -3708392235598196136, 0.043, 600, -4389750591065408276, 0.043, 500, -5884191316558670401, 0.043, 500, -157165845073864803, 0.043, 600, -3978111469211507110, 0.043, 600, -4215290589514603224, 0.043, 30, -8040434479444023413, 0]
[0, 0, 0.258, 15, -2522056508680556377, 0, 400, -3708392235598196136, 0.043, 600, -4389750591065408276, 0.043, 600, 3130672836156015238, 0.043, 500, -157165845073864803, 0.043, 500, 5962093294175739108, 0.043, 600, 6967224496284349079, 0.043, 30, -1932628237015591442, 0]
[0, 0, 0.258, 15, -2589070849813377332, 0, 600, 2455628173486609764, 0.043, 200, 5694026225550744552, 0.043, 600, 3130672836156015238, 0.043, 500, -157165845073864803, 0.043, 500, 5962093294175739108, 0.043, 600, 3093298778650465075, 0.043, 30, 7561867603543702786, 0]
[0, 0, 0.258, 15, -2589070849813377332, 0, 600, 2455628173486609764, 0.043, 200, 5694026225550744552, 0.043, 600, 3130672836156015238, 0.043, 500, -157165845073864803, 0.043, 600, -3978111469211507110, 0.043, 600, -4215290589514603224, 0.043, 30, -8040434479444023413, 0]
[0, 0, 0.258, 15, -2522056508680556377, 0, 600, 2455628173486609764, 0.043, 200, 5694026225550744552, 0.043, 600, 3130672836156015238, 0.043, 500, -157165845073864803, 0.043, 600, -3978111469211507110, 0.043, 600, -4215290589514603224, 0.043, 30, -8040434479444023413, 0]
[0, 0, 0.258, 15, -2522056508680556377, 0, 400, -3708392235598196136, 0.043, 600, -4389750591065408276, 0.043, 600, 3130672836156015238, 0.043, 500, -157165845073864803, 0.043, 600, -3978111469211507110, 0.043, 600, -4215290589514603224, 0.043, 30, -8040434479444023413, 0]
[0, 0, 0.215, 15, -2522056508680556377, 0, 300, -5094625237026979715, 0.043, 600, -2893003478023299754, 0.043, 600, -1368517140747449943, 0.043, 300, 3126078580835578629, 0.043, 600, 6559011593462978792, 0.043, 30, 611293842513244255, 0]
[0, 0, 0.215, 15, -2522056508680556377, 0, 400, -3708392235598196136, 0.043, 600, -4389750591065408276, 0.043, 500, -7246389567558886607, 0.043, 600, -5597578007559281635, 0.043, 600, -4950422128996291549, 0.043, 30, -7393516996222615924, 0]
[0, 0, 0.215, 15, -5158190186782029742, 0, 600, 2455628173486609764, 0.043, 200, 5694026225550744552, 0.043, 600, 3130672836156015238, 0.043, 600, -5385557840079974949, 0.043, 600, -2390851367146539526, 0.043, 30, -6046334524673858003, 0]
[0, 0, 0.215, 15, -2522056508680556377, 0, 400, -3708392235598196136, 0.043, 600, -4389750591065408276, 0.043, 500, -5884191316558670401, 0.043, 600, -5385557840079974949, 0.043, 600, -2390851367146539526, 0.043, 30, -6046334524673858003, 0]
[0, 0, 0.215, 15, -2522056508680556377, 0, 400, -3708392235598196136, 0.043, 600, -4389750591065408276, 0.043, 600, 3130672836156015238, 0.043, 600, -5385557840079974949, 0.043, 600, -2390851367146539526, 0.043, 30, -6046334524673858003, 0]
[0, 0, 0.215, 15, -5158190186782029742, 0, 400, -3708392235598196136, 0.043, 600, -4389750591065408276, 0.043, 500, -7246389567558886607, 0.043, 600, -5597578007559281635, 0.043, 600, -4950422128996291549, 0.043, 30, -7393516996222615924, 0]
[0, 0, 0.195, 15, 3927786196306290681, 0, 500, -5786318905295144311, 0.052, 300, 1581342907779949331, 0.143, 30, 260484464744271190, 0]
[0, 0, 0.194, 15, -5355148353972800031, 0, 500, -5786318905295144311, 0.051, 300, 1581342907779949331, 0.143, 30, 260484464744271190, 0]
[0, 0, 0.192, 15, -2522056508680556377, 0, 500, -5786318905295144311, 0.049, 300, 1581342907779949331, 0.143, 30, 260484464744271190, 0]
[0, 0, 0.172, 15, -2522056508680556377, 0, 400, -3708392235598196136, 0.043, 600, -4389750591065408276, 0.043, 500, -5884191316558670401, 0.043, 600, -4950422128996291549, 0.043, 30, -7393516996222615924, 0]
[0, 0, 0.095, 15, 3990627243618030182, 0, 300, 5073921713278474832, 0.043, 500, 7793879683737469202, 0.052, 30, -9156633975216847897, 0]
[0, 0, 0.086, 15, 4936365312292104489, 0, 400, 4796154984895994972, 0.043, 500, 7544192108329476622, 0.043, 30, -1015246638126291735, 0]
[0, 0, 0.086, 15, -2507488077658769220, 0, 300, -1475010437885778177, 0.043, 500, 7544192108329476622, 0.043, 30, -1015246638126291735, 0]
[0, 0, 0.086, 15, 2130854317337901740, 0, 300, -1475010437885778177, 0.043, 500, 7544192108329476622, 0.043, 30, -1015246638126291735, 0]
[0, 0, 0.086, 15, -5959899318048409812, 0, 500, -6966669817583398187, 0.043, 600, -8892557162178360797, 0.043, 30, -1625009386068869954, 0]
[0, 0, 0.086, 15, 5485982168169892492, 0, 500, -6966669817583398187, 0.043, 600, -8892557162178360797, 0.043, 30, -1625009386068869954, 0]
[0, 0, 0.086, 15, 3990627243618030182, 0, 300, 5073921713278474832, 0.043, 500, -8965325653488032693, 0.043, 30, 5121505153436531305, 0]
[0, 0, 0.086, 15, -8882575911577110720, 0, 300, 5073921713278474832, 0.043, 500, -8965325653488032693, 0.043, 30, 5121505153436531305, 0]
[0, 0, 0.086, 15, -5275380916689777841, 0, 500, -6966669817583398187, 0.043, 600, -8892557162178360797, 0.043, 30, -1625009386068869954, 0]
[0, 0, 0.054, 15, -2522056508680556377, 0, 400, 4197530359452601710, 0.054, 30, 453326463904984908, 0]
[0, 0, 0.054, 15, 967727235506439051, 0, 300, 3982117591860623485, 0.054, 30, 7865356354783355639, 0]
[0, 0, 0.052, 15, -1201301863783476050, 0, 300, 1581342907779949331, 0.052, 30, 260484464744271190, 0]
[0, 0, 0.052, 15, -1311070052878679455, 0, 300, 332776983354036285, 0.052, 30, -7145826683423646971, 0]
[0, 0, 0.051, 15, -5158190186782029742, 0, 500, 7793879683737469202, 0.051, 30, -9156633975216847897, 0]
[0, 0, 0.051, 15, 4922909396689429213, 0, 500, 7793879683737469202, 0.051, 30, -9156633975216847897, 0]
[0, 0, 0.049, 15, 3927786196306290681, 0, 500, 7793879683737469202, 0.049, 30, -9156633975216847897, 0]
[0, 0, 0.049, 15, 1387956568207129615, 0, 300, 5263884482564464478, 0.049, 30, 4676193634156444154, 0]
[0, 0, 0.043, 15, -2522056508680556377, 0, 600, 6060444915039645678, 0.043, 30, -2021085062719809205, 0]
[0, 0, 0.043, 15, 4075664650253482697, 0, 500, 7544192108329476622, 0.043, 30, -1015246638126291735, 0]
[0, 0, 0.043, 15, 4906790876651182617, 0, 500, 7544192108329476622, 0.043, 30, -1015246638126291735, 0]
[0, 0, 0.043, 15, -5158190186782029742, 0, 500, -8965325653488032693, 0.043, 30, 5121505153436531305, 0]
[0, 0, 0.043, 15, 3927786196306290681, 0, 600, 6060444915039645678, 0.043, 30, -2021085062719809205, 0]
[0, 0, 0.043, 15, 3927786196306290681, 0, 500, -8965325653488032693, 0.043, 30, 5121505153436531305, 0]
[0, 0, 0.043, 15, -7351687572108015094, 0, 600, -8892557162178360797, 0.043, 30, -1625009386068869954, 0]
[0, 0, 0.043, 15, -4901862025863440749, 0, 600, 6060444915039645678, 0.043, 30, -2021085062719809205, 0]
[0, 0, 0.043, 15, 4922909396689429213, 0, 300, 3234623730026637767, 0.043, 30, -8901203284669055035, 0]
[0, 0, 0.043, 15, -8882575911577110720, 0, 300, -8936373077875174083, 0.043, 30, 3779894858877405820, 0]
[0, 0, 0.043, 15, 3990627243618030182, 0, 300, -8936373077875174083, 0.043, 30, 3779894858877405820, 0]
[0, 0, 0.043, 15, 299893973051007942, 0, 300, 5073921713278474832, 0.043, 30, -2810721172035201233, 0]
[0, 0, 0.043, 15, -5355148353972800031, 0, 600, 6060444915039645678, 0.043, 30, -2021085062719809205, 0]
[0, 0, 0.043, 15, -5263142725793243115, 0, 300, -8936373077875174083, 0.043, 30, 3779894858877405820, 0]
[0, 0, 0.043, 15, -1311070052878679455, 0, 300, -431921870235166508, 0.043, 30, -5590237115687897540, 0]
[0, 0, 0.043, 15, 3990627243618030182, 0, 300, 5073921713278474832, 0.043, 30, -2810721172035201233, 0]
[0, 0, 0.043, 15, -8882575911577110720, 0, 300, 5073921713278474832, 0.043, 30, -2810721172035201233, 0]
[0, 0, 0.043, 15, 3990627243618030182, 0, 300, -9146187684077444289, 0.043, 30, -7699532525462070926, 0]
[0, 0, 0.043, 15, 812663354429199397, 0, 300, -9124030839745050558, 0.043, 30, 476826469866014742, 0]
[0, 0, 0.043, 15, 967727235506439051, 0, 300, -431921870235166508, 0.043, 30, -5590237115687897540, 0]
