[0, 0, 0.555, 15, 8507789888021389395, 0, 400, 3815033125642820383, 0.051, 500, 7359375005005377060, 0.14, 600, -2693948663486136702, 0.134, 300, 1775312132333313019, 0.051, 600, -1155610079133019710, 0.136, 600, 6733698808503763624, 0.043, 30, -3297155795029443936, 0]
[0, 0, 0.555, 15, 5415471867959840921, 0, 400, 3815033125642820383, 0.051, 500, 7359375005005377060, 0.14, 600, -2693948663486136702, 0.134, 300, 1775312132333313019, 0.051, 600, -1155610079133019710, 0.136, 600, 6733698808503763624, 0.043, 30, -3297155795029443936, 0]
[0, 0, 0.555, 15, 5415471867959840921, 0, 400, 3815033125642820383, 0.051, 500, 7359375005005377060, 0.14, 600, -2693948663486136702, 0.134, 300, 1775312132333313019, 0.051, 600, 4760161866078430528, 0.136, 600, 774345181408569237, 0.043, 30, 4738487174268251159, 0]
[0, 0, 0.555, 15, 8507789888021389395, 0, 400, 3815033125642820383, 0.051, 500, 7359375005005377060, 0.14, 600, -2693948663486136702, 0.134, 300, 1775312132333313019, 0.051, 600, -1155610079133019710, 0.136, 600, -4761116492119294920, 0.043, 30, 3109725349739976152, 0]
[0, 0, 0.555, 15, 8507789888021389395, 0, 400, 3815033125642820383, 0.051, 500, 7359375005005377060, 0.14, 600, -2693948663486136702, 0.134, 300, 1775312132333313019, 0.051, 600, 4760161866078430528, 0.136, 600, -7667734263857056876, 0.043, 30, -3570778728694809098, 0]
[0, 0, 0.555, 15, 8507789888021389395, 0, 400, 3815033125642820383, 0.051, 500, 7359375005005377060, 0.14, 600, -2693948663486136702, 0.134, 300, 1775312132333313019, 0.051, 600, 4760161866078430528, 0.136, 600, 1673081433975127815, 0.043, 30, -5682005294070497019, 0]
[0, 0, 0.555, 15, 5415471867959840921, 0, 400, 3815033125642820383, 0.051, 500, 7359375005005377060, 0.14, 600, -2693948663486136702, 0.134, 300, 1775312132333313019, 0.051, 600, 4760161866078430528, 0.136, 600, 1673081433975127815, 0.043, 30, -5682005294070497019, 0]
[0, 0, 0.555, 15, 8507789888021389395, 0, 400, 3815033125642820383, 0.051, 500, 7359375005005377060, 0.14, 600, -2693948663486136702, 0.134, 300, 1775312132333313019, 0.051, 600, -1155610079133019710, 0.136, 600, -6771575240977749239, 0.043, 30, 6200115034006397326, 0]
[0, 0, 0.512, 15, 8507789888021389395, 0, 400, 3815033125642820383, 0.051, 500, 7359375005005377060, 0.14, 600, -2693948663486136702, 0.134, 300, 1775312132333313019, 0.051, 600, 4760161866078430528, 0.136, 30, 2591559157409671599, 0]
[0, 0, 0.512, 15, 5415471867959840921, 0, 400, 3815033125642820383, 0.051, 500, 7359375005005377060, 0.14, 600, -2693948663486136702, 0.134, 300, 1775312132333313019, 0.051, 600, -1155610079133019710, 0.136, 30, -1010333683001606749, 0]
[0, 0, 0.51, 15, -7989850883241868611, 0, 400, 3815033125642820383, 0.049, 500, 7359375005005377060, 0.14, 600, -2693948663486136702, 0.134, 300, 1775312132333313019, 0.051, 600, 4760161866078430528, 0.136, 30, 2591559157409671599, 0]
[0, 0, 0.51, 15, 8599996374472103731, 0, 400, 3815033125642820383, 0.049, 500, 7359375005005377060, 0.14, 600, -2693948663486136702, 0.134, 300, 1775312132333313019, 0.051, 600, 4760161866078430528, 0.136, 30, 2591559157409671599, 0]
[0, 0, 0.463, 15, 2222690104462789422, 0, 300, -4716520005400219835, 0.055, 600, 5841356038327741955, 0.137, 500, 6756120290637390583, 0.043, 300, 416835926278548274, 0.049, 600, 1083741781107056803, 0.136, 600, 12773073722193138, 0.043, 30, -3273205837809872686, 0]
[0, 0, 0.463, 15, 2222690104462789422, 0, 300, -4716520005400219835, 0.055, 600, 5841356038327741955, 0.137, 500, 6756120290637390583, 0.043, 300, 416835926278548274, 0.049, 600, -8658292702315711903, 0.136, 600, -5423927131455070395, 0.043, 30, 3765278750173320474, 0]
[0, 0, 0.463, 15, 2222690104462789422, 0, 300, -4716520005400219835, 0.055, 600, 5841356038327741955, 0.137, 500, 6756120290637390583, 0.043, 300, 416835926278548274, 0.049, 600, -8658292702315711903, 0.136, 600, -600520255131213174, 0.043, 30, -2316258521302318037, 0]
[0, 0, 0.463, 15, 2222690104462789422, 0, 300, -4716520005400219835, 0.055, 600, 5841356038327741955, 0.137, 500, 6756120290637390583, 0.043, 300, 416835926278548274, 0.049, 600, 1083741781107056803, 0.136, 600, 8201767309168411595, 0.043, 30, -1015944209181855391, 0]
[0, 0, 0.463, 15, 2222690104462789422, 0, 300, -4716520005400219835, 0.055, 600, 5841356038327741955, 0.137, 500, 6756120290637390583, 0.043, 300, 416835926278548274, 0.049, 600, 2038065896572814765, 0.136, 600, -6771575240977749239, 0.043, 30, 6200115034006397326, 0]
[0, 0, 0.462, 15, -6118617569752711955, 0, 300, 8822348061921335507, 0.051, 600, -806854920926299123, 0.134, 400, -4135814218864978133, 0.043, 500, 3114614862211501678, 0.054, 500, -2616321916333378615, 0.137, 500, 4809497029037748109, 0.043, 30, 8853888652072368465, 0]
[0, 0, 0.462, 15, -1743518059593922205, 0, 300, -4716520005400219835, 0.054, 600, 5841356038327741955, 0.137, 500, 6756120290637390583, 0.043, 300, 416835926278548274, 0.049, 600, -8658292702315711903, 0.136, 600, -5423927131455070395, 0.043, 30, 3765278750173320474, 0]
[0, 0, 0.459, 15, -3625186842953750147, 0, 300, -9148157127123663151, 0.052, 600, 5841356038327741955, 0.136, 500, 6756120290637390583, 0.043, 300, 416835926278548274, 0.049, 600, 1083741781107056803, 0.136, 600, 8393385117177531223, 0.043, 30, 698179025823484704, 0]
[0, 0, 0.459, 15, -3625186842953750147, 0, 300, -9148157127123663151, 0.052, 600, 5841356038327741955, 0.136, 500, 6756120290637390583, 0.043, 300, 416835926278548274, 0.049, 600, -8658292702315711903, 0.136, 600, -8380505976483616788, 0.043, 30, -3083204314279050699, 0]
[0, 0, 0.459, 15, -3625186842953750147, 0, 300, -9148157127123663151, 0.052, 600, 5841356038327741955, 0.136, 500, 6756120290637390583, 0.043, 300, 416835926278548274, 0.049, 600, 1083741781107056803, 0.136, 600, 12773073722193138, 0.043, 30, -3273205837809872686, 0]
[0, 0, 0.459, 15, -3625186842953750147, 0, 300, -9148157127123663151, 0.052, 600, 5841356038327741955, 0.136, 500, 6756120290637390583, 0.043, 300, 416835926278548274, 0.049, 600, 2038065896572814765, 0.136, 600, 8346585637993087303, 0.043, 30, -7523484380178784011, 0]
[0, 0, 0.459, 15, -3625186842953750147, 0, 300, -9148157127123663151, 0.052, 600, 5841356038327741955, 0.136, 500, 6756120290637390583, 0.043, 300, 416835926278548274, 0.049, 600, -8658292702315711903, 0.136, 600, -600520255131213174, 0.043, 30, -2316258521302318037, 0]
[0, 0, 0.459, 15, -3625186842953750147, 0, 300, -9148157127123663151, 0.052, 600, 5841356038327741955, 0.136, 500, 6756120290637390583, 0.043, 300, 416835926278548274, 0.049, 600, -8396408818497968244, 0.136, 600, -7667734263857056876, 0.043, 30, -3570778728694809098, 0]
[0, 0, 0.459, 15, -3625186842953750147, 0, 300, -9148157127123663151, 0.052, 600, 5841356038327741955, 0.136, 500, 6756120290637390583, 0.043, 300, 416835926278548274, 0.049, 600, 1083741781107056803, 0.136, 600, 8201767309168411595, 0.043, 30, -1015944209181855391, 0]
[0, 0, 0.459, 15, -3625186842953750147, 0, 300, -9148157127123663151, 0.052, 600, 5841356038327741955, 0.136, 500, 6756120290637390583, 0.043, 300, 416835926278548274, 0.049, 600, 2038065896572814765, 0.136, 600, -6771575240977749239, 0.043, 30, 6200115034006397326, 0]
[0, 0, 0.459, 15, -3625186842953750147, 0, 300, -9148157127123663151, 0.052, 600, 5841356038327741955, 0.136, 500, 6756120290637390583, 0.043, 300, 416835926278548274, 0.049, 600, -6767694093883633281, 0.136, 600, 7826948631982220017, 0.043, 30, -5920054444649694530, 0]
[0, 0, 0.458, 15, 2397080945034785517, 0, 300, -9148157127123663151, 0.051, 600, 5841356038327741955, 0.136, 500, 6756120290637390583, 0.043, 300, 416835926278548274, 0.049, 600, 1083741781107056803, 0.136, 600, 8393385117177531223, 0.043, 30, 698179025823484704, 0]
[0, 0, 0.458, 15, -654390524944600601, 0, 300, -4507051440045761180, 0.051, 600, 5841356038327741955, 0.136, 500, 6756120290637390583, 0.043, 300, 416835926278548274, 0.049, 600, -8658292702315711903, 0.136, 600, -8380505976483616788, 0.043, 30, -3083204314279050699, 0]
[0, 0, 0.458, 15, -654390524944600601, 0, 300, -4507051440045761180, 0.051, 600, 5841356038327741955, 0.136, 500, 6756120290637390583, 0.043, 300, 416835926278548274, 0.049, 600, 2038065896572814765, 0.136, 600, 6733698808503763624, 0.043, 30, -3297155795029443936, 0]
[0, 0, 0.458, 15, -6708173777359198665, 0, 300, -4507051440045761180, 0.051, 600, 5841356038327741955, 0.136, 500, 6756120290637390583, 0.043, 300, 416835926278548274, 0.049, 600, -8658292702315711903, 0.136, 600, -8380505976483616788, 0.043, 30, -3083204314279050699, 0]
[0, 0, 0.458, 15, -6708173777359198665, 0, 300, -4507051440045761180, 0.051, 600, 5841356038327741955, 0.136, 500, 6756120290637390583, 0.043, 300, 416835926278548274, 0.049, 600, 2038065896572814765, 0.136, 600, 6733698808503763624, 0.043, 30, -3297155795029443936, 0]
[0, 0, 0.458, 15, 8507789888021389395, 0, 300, 8822348061921335507, 0.047, 600, -806854920926299123, 0.134, 400, -4135814218864978133, 0.043, 500, 3114614862211501678, 0.054, 500, -2616321916333378615, 0.137, 500, 4809497029037748109, 0.043, 30, 8853888652072368465, 0]
[0, 0, 0.458, 15, -654390524944600601, 0, 300, -4507051440045761180, 0.051, 600, 5841356038327741955, 0.136, 500, 6756120290637390583, 0.043, 300, 416835926278548274, 0.049, 600, -8396408818497968244, 0.136, 600, 774345181408569237, 0.043, 30, 4738487174268251159, 0]
[0, 0, 0.458, 15, -654390524944600601, 0, 300, -4507051440045761180, 0.051, 600, 5841356038327741955, 0.136, 500, 6756120290637390583, 0.043, 300, 416835926278548274, 0.049, 600, -8658292702315711903, 0.136, 600, -5423927131455070395, 0.043, 30, 3765278750173320474, 0]
[0, 0, 0.458, 15, -6708173777359198665, 0, 300, -4507051440045761180, 0.051, 600, 5841356038327741955, 0.136, 500, 6756120290637390583, 0.043, 300, 416835926278548274, 0.049, 600, 1083741781107056803, 0.136, 600, 12773073722193138, 0.043, 30, -3273205837809872686, 0]
[0, 0, 0.458, 15, -6708173777359198665, 0, 300, -4507051440045761180, 0.051, 600, 5841356038327741955, 0.136, 500, 6756120290637390583, 0.043, 300, 416835926278548274, 0.049, 600, 2038065896572814765, 0.136, 600, -4761116492119294920, 0.043, 30, 3109725349739976152, 0]
[0, 0, 0.458, 15, 2397080945034785517, 0, 300, -9148157127123663151, 0.051, 600, 5841356038327741955, 0.136, 500, 6756120290637390583, 0.043, 300, 416835926278548274, 0.049, 600, 1083741781107056803, 0.136, 600, 12773073722193138, 0.043, 30, -3273205837809872686, 0]
[0, 0, 0.458, 15, 2397080945034785517, 0, 300, -9148157127123663151, 0.051, 600, 5841356038327741955, 0.136, 500, 6756120290637390583, 0.043, 300, 416835926278548274, 0.049, 600, 1083741781107056803, 0.136, 600, -3197194282874818111, 0.043, 30, -3033616324050366314, 0]
[0, 0, 0.458, 15, -654390524944600601, 0, 300, -4507051440045761180, 0.051, 600, 5841356038327741955, 0.136, 500, 6756120290637390583, 0.043, 300, 416835926278548274, 0.049, 600, -8658292702315711903, 0.136, 600, -6716384287615341065, 0.043, 30, -5387366306742927798, 0]
[0, 0, 0.458, 15, 2397080945034785517, 0, 300, -9148157127123663151, 0.051, 600, 5841356038327741955, 0.136, 500, 6756120290637390583, 0.043, 300, 416835926278548274, 0.049, 600, 2038065896572814765, 0.136, 600, 8346585637993087303, 0.043, 30, -7523484380178784011, 0]
[0, 0, 0.458, 15, -6708173777359198665, 0, 300, -4507051440045761180, 0.051, 600, 5841356038327741955, 0.136, 500, 6756120290637390583, 0.043, 300, 416835926278548274, 0.049, 600, -8658292702315711903, 0.136, 600, -600520255131213174, 0.043, 30, -2316258521302318037, 0]
[0, 0, 0.458, 15, -654390524944600601, 0, 300, -4507051440045761180, 0.051, 600, 5841356038327741955, 0.136, 500, 6756120290637390583, 0.043, 300, 416835926278548274, 0.049, 600, -8396408818497968244, 0.136, 600, -7667734263857056876, 0.043, 30, -3570778728694809098, 0]
[0, 0, 0.458, 15, 2397080945034785517, 0, 300, -9148157127123663151, 0.051, 600, 5841356038327741955, 0.136, 500, 6756120290637390583, 0.043, 300, 416835926278548274, 0.049, 600, -8658292702315711903, 0.136, 600, -600520255131213174, 0.043, 30, -2316258521302318037, 0]
[0, 0, 0.458, 15, -6708173777359198665, 0, 300, -4507051440045761180, 0.051, 600, 5841356038327741955, 0.136, 500, 6756120290637390583, 0.043, 300, 416835926278548274, 0.049, 600, -8658292702315711903, 0.136, 600, -6716384287615341065, 0.043, 30, -5387366306742927798, 0]
[0, 0, 0.458, 15, -6708173777359198665, 0, 300, -4507051440045761180, 0.051, 600, 5841356038327741955, 0.136, 500, 6756120290637390583, 0.043, 300, 416835926278548274, 0.049, 600, -8396408818497968244, 0.136, 600, -7667734263857056876, 0.043, 30, -3570778728694809098, 0]
[0, 0, 0.458, 15, 2397080945034785517, 0, 300, -9148157127123663151, 0.051, 600, 5841356038327741955, 0.136, 500, 6756120290637390583, 0.043, 300, 416835926278548274, 0.049, 600, 1083741781107056803, 0.136, 600, 8201767309168411595, 0.043, 30, -1015944209181855391, 0]
[0, 0, 0.458, 15, -654390524944600601, 0, 300, -4507051440045761180, 0.051, 600, 5841356038327741955, 0.136, 500, 6756120290637390583, 0.043, 300, 416835926278548274, 0.049, 600, 40082633512495338, 0.136, 600, 7826948631982220017, 0.043, 30, -5920054444649694530, 0]
[0, 0, 0.458, 15, 2397080945034785517, 0, 300, -9148157127123663151, 0.051, 600, 5841356038327741955, 0.136, 500, 6756120290637390583, 0.043, 300, 416835926278548274, 0.049, 600, -8396408818497968244, 0.136, 600, 1673081433975127815, 0.043, 30, -5682005294070497019, 0]
[0, 0, 0.458, 15, -654390524944600601, 0, 300, -4507051440045761180, 0.051, 600, 5841356038327741955, 0.136, 500, 6756120290637390583, 0.043, 300, 416835926278548274, 0.049, 600, -6767694093883633281, 0.136, 600, 7826948631982220017, 0.043, 30, -5920054444649694530, 0]
[0, 0, 0.458, 15, 8507789888021389395, 0, 300, 8822348061921335507, 0.047, 600, -806854920926299123, 0.134, 400, -4135814218864978133, 0.043, 500, 3114614862211501678, 0.054, 500, -1142438371140171900, 0.137, 500, -6917001955903973230, 0.043, 30, -2924674238163692660, 0]
[0, 0, 0.456, 15, 1189795454940763098, 0, 300, -9148157127123663151, 0.049, 600, 5841356038327741955, 0.136, 500, 6756120290637390583, 0.043, 300, 416835926278548274, 0.049, 600, 1083741781107056803, 0.136, 600, 8393385117177531223, 0.043, 30, 698179025823484704, 0]
[0, 0, 0.456, 15, 1189795454940763098, 0, 300, -9148157127123663151, 0.049, 600, 5841356038327741955, 0.136, 500, 6756120290637390583, 0.043, 300, 416835926278548274, 0.049, 600, -8396408818497968244, 0.136, 600, 7493867616010772943, 0.043, 30, -3521843538576616852, 0]
[0, 0, 0.456, 15, 1189795454940763098, 0, 300, -9148157127123663151, 0.049, 600, 5841356038327741955, 0.136, 500, 6756120290637390583, 0.043, 300, 416835926278548274, 0.049, 600, -8658292702315711903, 0.136, 600, -8380505976483616788, 0.043, 30, -3083204314279050699, 0]
[0, 0, 0.456, 15, 1189795454940763098, 0, 300, -9148157127123663151, 0.049, 600, 5841356038327741955, 0.136, 500, 6756120290637390583, 0.043, 300, 416835926278548274, 0.049, 600, 2038065896572814765, 0.136, 600, -4761116492119294920, 0.043, 30, 3109725349739976152, 0]
[0, 0, 0.456, 15, 1189795454940763098, 0, 300, -9148157127123663151, 0.049, 600, 5841356038327741955, 0.136, 500, 6756120290637390583, 0.043, 300, 416835926278548274, 0.049, 600, -8396408818497968244, 0.136, 600, 774345181408569237, 0.043, 30, 4738487174268251159, 0]
[0, 0, 0.456, 15, 1189795454940763098, 0, 300, -9148157127123663151, 0.049, 600, 5841356038327741955, 0.136, 500, 6756120290637390583, 0.043, 300, 416835926278548274, 0.049, 600, -8658292702315711903, 0.136, 600, -5423927131455070395, 0.043, 30, 3765278750173320474, 0]
[0, 0, 0.456, 15, 1189795454940763098, 0, 300, -9148157127123663151, 0.049, 600, 5841356038327741955, 0.136, 500, 6756120290637390583, 0.043, 300, 416835926278548274, 0.049, 600, 1083741781107056803, 0.136, 600, 8201767309168411595, 0.043, 30, -1015944209181855391, 0]
[0, 0, 0.456, 15, 1189795454940763098, 0, 300, -9148157127123663151, 0.049, 600, 5841356038327741955, 0.136, 500, 6756120290637390583, 0.043, 300, 416835926278548274, 0.049, 600, 2038065896572814765, 0.136, 600, -6771575240977749239, 0.043, 30, 6200115034006397326, 0]
[0, 0, 0.456, 15, 1189795454940763098, 0, 300, -9148157127123663151, 0.049, 600, 5841356038327741955, 0.136, 500, 6756120290637390583, 0.043, 300, 416835926278548274, 0.049, 600, -8396408818497968244, 0.136, 600, 1673081433975127815, 0.043, 30, -5682005294070497019, 0]
[0, 0, 0.456, 15, -6118617569752711955, 0, 300, 8822348061921335507, 0.051, 600, -806854920926299123, 0.134, 500, -6144295302274008804, 0.049, 500, 3904165858835705174, 0.136, 500, 4795681433799240069, 0.043, 500, 170075324634304449, 0.043, 30, 3481707495018425910, 0]
[0, 0, 0.454, 15, 5415471867959840921, 0, 400, 3815033125642820383, 0.051, 500, 7359375005005377060, 0.14, 600, -2693948663486136702, 0.134, 500, -635856145640555751, 0.043, 600, -5926335568168371543, 0.043, 600, -6716384287615341065, 0.043, 30, -5387366306742927798, 0]
[0, 0, 0.454, 15, 8507789888021389395, 0, 400, 3815033125642820383, 0.051, 500, 7359375005005377060, 0.14, 600, -2693948663486136702, 0.134, 500, -635856145640555751, 0.043, 600, -5926335568168371543, 0.043, 600, -600520255131213174, 0.043, 30, -2316258521302318037, 0]
[0, 0, 0.454, 15, 8507789888021389395, 0, 400, 3815033125642820383, 0.051, 500, 7359375005005377060, 0.14, 600, -2693948663486136702, 0.134, 600, -8694764327031612086, 0.043, 600, 3106567977825814765, 0.043, 500, -4285223736366034158, 0.043, 30, -8000901998480435924, 0]
[0, 0, 0.454, 15, 8507789888021389395, 0, 400, 3815033125642820383, 0.051, 500, 7359375005005377060, 0.14, 600, -2693948663486136702, 0.134, 500, -635856145640555751, 0.043, 600, 4339968775669308343, 0.043, 600, 4527006302446732867, 0.043, 30, 5523004022372573336, 0]
[0, 0, 0.452, 15, 8507789888021389395, 0, 300, 8822348061921335507, 0.047, 600, -806854920926299123, 0.134, 500, -6144295302274008804, 0.049, 500, 3904165858835705174, 0.136, 500, 4795681433799240069, 0.043, 500, 170075324634304449, 0.043, 30, 3481707495018425910, 0]
[0, 0, 0.452, 15, -7989850883241868611, 0, 400, 3815033125642820383, 0.049, 500, 7359375005005377060, 0.14, 600, -2693948663486136702, 0.134, 500, -635856145640555751, 0.043, 600, 4339968775669308343, 0.043, 500, -5805252559064444812, 0.043, 30, -4090042294507347374, 0]
[0, 0, 0.452, 15, 2142443157139138782, 0, 300, 8822348061921335507, 0.047, 600, -806854920926299123, 0.134, 500, -6144295302274008804, 0.049, 500, 3904165858835705174, 0.136, 500, 4795681433799240069, 0.043, 500, 170075324634304449, 0.043, 30, 3481707495018425910, 0]
[0, 0, 0.452, 15, 8599996374472103731, 0, 400, 3815033125642820383, 0.049, 500, 7359375005005377060, 0.14, 600, -2693948663486136702, 0.134, 500, -635856145640555751, 0.043, 600, 4339968775669308343, 0.043, 600, 3958564836157007035, 0.043, 30, 8853628773402799770, 0]
[0, 0, 0.421, 15, -2420451897443556354, 0, 300, -816059963735629833, 0.053, 600, -7638863465960447478, 0.138, 500, 871320614242047191, 0.051, 600, 1083741781107056803, 0.136, 600, 8393385117177531223, 0.043, 30, 698179025823484704, 0]
[0, 0, 0.421, 15, -2420451897443556354, 0, 300, -816059963735629833, 0.053, 600, -7638863465960447478, 0.138, 500, 871320614242047191, 0.051, 600, 1083741781107056803, 0.136, 600, 12773073722193138, 0.043, 30, -3273205837809872686, 0]
[0, 0, 0.421, 15, -2420451897443556354, 0, 300, -816059963735629833, 0.053, 600, -7638863465960447478, 0.138, 500, 871320614242047191, 0.051, 600, 1083741781107056803, 0.136, 600, -3197194282874818111, 0.043, 30, -3033616324050366314, 0]
[0, 0, 0.42, 15, 2222690104462789422, 0, 300, -4716520005400219835, 0.055, 600, 5841356038327741955, 0.137, 500, 6756120290637390583, 0.043, 300, 416835926278548274, 0.049, 600, 2038065896572814765, 0.136, 30, -4473473305099252427, 0]
[0, 0, 0.419, 15, -1743518059593922205, 0, 300, -4716520005400219835, 0.054, 600, 5841356038327741955, 0.137, 500, 6756120290637390583, 0.043, 300, 416835926278548274, 0.049, 600, -8396408818497968244, 0.136, 30, 1032368654866579551, 0]
[0, 0, 0.419, 15, -1743518059593922205, 0, 300, -4716520005400219835, 0.054, 600, 5841356038327741955, 0.137, 500, 6756120290637390583, 0.043, 300, 416835926278548274, 0.049, 600, -8658292702315711903, 0.136, 30, 315334649715779273, 0]
[0, 0, 0.416, 15, -3625186842953750147, 0, 300, -9148157127123663151, 0.052, 600, 5841356038327741955, 0.136, 500, 6756120290637390583, 0.043, 300, 416835926278548274, 0.049, 600, -8396408818497968244, 0.136, 30, 1032368654866579551, 0]
[0, 0, 0.416, 15, -3625186842953750147, 0, 300, -9148157127123663151, 0.052, 600, 5841356038327741955, 0.136, 500, 6756120290637390583, 0.043, 300, 416835926278548274, 0.049, 600, 2038065896572814765, 0.136, 30, -4473473305099252427, 0]
[0, 0, 0.416, 15, -6118617569752711955, 0, 300, 8822348061921335507, 0.051, 500, 8374913394681986564, 0.134, 400, 303709964107403369, 0.053, 600, 3106567977825814765, 0.135, 500, -4285223736366034158, 0.043, 30, -8000901998480435924, 0]
[0, 0, 0.415, 15, 8507789888021389395, 0, 300, 8822348061921335507, 0.047, 600, -806854920926299123, 0.134, 400, -4135814218864978133, 0.043, 500, 3114614862211501678, 0.054, 600, 1059339785171121962, 0.137, 30, -5127170742473142476, 0]
[0, 0, 0.415, 15, -6708173777359198665, 0, 300, -4507051440045761180, 0.051, 600, 5841356038327741955, 0.136, 500, 6756120290637390583, 0.043, 300, 416835926278548274, 0.049, 600, 2038065896572814765, 0.136, 30, -4473473305099252427, 0]
[0, 0, 0.415, 15, 2397080945034785517, 0, 300, -9148157127123663151, 0.051, 600, 5841356038327741955, 0.136, 500, 6756120290637390583, 0.043, 300, 416835926278548274, 0.049, 600, 2038065896572814765, 0.136, 30, -4473473305099252427, 0]
[0, 0, 0.415, 15, -654390524944600601, 0, 300, -4507051440045761180, 0.051, 600, 5841356038327741955, 0.136, 500, 6756120290637390583, 0.043, 300, 416835926278548274, 0.049, 600, -8658292702315711903, 0.136, 30, 315334649715779273, 0]
[0, 0, 0.415, 15, -6708173777359198665, 0, 300, -4507051440045761180, 0.051, 600, 5841356038327741955, 0.136, 500, 6756120290637390583, 0.043, 300, 416835926278548274, 0.049, 600, 1083741781107056803, 0.136, 30, 655548670864129217, 0]
[0, 0, 0.415, 15, 2397080945034785517, 0, 300, -9148157127123663151, 0.051, 600, 5841356038327741955, 0.136, 500, 6756120290637390583, 0.043, 300, 416835926278548274, 0.049, 600, -8658292702315711903, 0.136, 30, 315334649715779273, 0]
[0, 0, 0.413, 15, 1189795454940763098, 0, 300, -9148157127123663151, 0.049, 600, 5841356038327741955, 0.136, 500, 6756120290637390583, 0.043, 300, 416835926278548274, 0.049, 600, -8396408818497968244, 0.136, 30, 1032368654866579551, 0]
[0, 0, 0.413, 15, 1189795454940763098, 0, 300, -9148157127123663151, 0.049, 600, 5841356038327741955, 0.136, 500, 6756120290637390583, 0.043, 300, 416835926278548274, 0.049, 600, -8658292702315711903, 0.136, 30, 315334649715779273, 0]
[0, 0, 0.413, 15, 1189795454940763098, 0, 300, -9148157127123663151, 0.049, 600, 5841356038327741955, 0.136, 500, 6756120290637390583, 0.043, 300, 416835926278548274, 0.049, 600, 1083741781107056803, 0.136, 30, 655548670864129217, 0]
[0, 0, 0.411, 15, 8507789888021389395, 0, 500, 7359375005005377060, 0.047, 600, -2693948663486136702, 0.134, 300, 1775312132333313019, 0.051, 600, -1155610079133019710, 0.136, 600, 6733698808503763624, 0.043, 30, -3297155795029443936, 0]
[0, 0, 0.411, 15, 5415471867959840921, 0, 400, 3815033125642820383, 0.051, 500, 7359375005005377060, 0.14, 600, -2693948663486136702, 0.134, 500, -635856145640555751, 0.043, 600, 4339968775669308343, 0.043, 30, 7563208791772553678, 0]
[0, 0, 0.411, 15, 8507789888021389395, 0, 400, 3815033125642820383, 0.051, 500, 7359375005005377060, 0.14, 600, -2693948663486136702, 0.134, 500, -635856145640555751, 0.043, 600, -5926335568168371543, 0.043, 30, -6114101041843793015, 0]
[0, 0, 0.411, 15, 5415471867959840921, 0, 400, 3815033125642820383, 0.051, 500, 7359375005005377060, 0.14, 600, -2693948663486136702, 0.134, 500, -635856145640555751, 0.043, 600, -5926335568168371543, 0.043, 30, -6114101041843793015, 0]
[0, 0, 0.409, 15, 8507789888021389395, 0, 300, 8822348061921335507, 0.047, 600, -806854920926299123, 0.134, 500, -6144295302274008804, 0.049, 500, 3904165858835705174, 0.136, 600, -8638541359289766203, 0.043, 30, -1331357837653737300, 0]
[0, 0, 0.409, 15, -7989850883241868611, 0, 400, 3815033125642820383, 0.049, 500, 7359375005005377060, 0.14, 600, -2693948663486136702, 0.134, 500, -635856145640555751, 0.043, 600, 4339968775669308343, 0.043, 30, 7563208791772553678, 0]
[0, 0, 0.409, 15, 8599996374472103731, 0, 400, 3815033125642820383, 0.049, 500, 7359375005005377060, 0.14, 600, -2693948663486136702, 0.134, 500, -635856145640555751, 0.043, 600, -5926335568168371543, 0.043, 30, -6114101041843793015, 0]
[0, 0, 0.406, 15, 8507789888021389395, 0, 300, 8822348061921335507, 0.047, 500, 8127283949247448056, 0.141, 600, 2150458894882762806, 0.132, 600, 3106567977825814765, 0.043, 500, -4285223736366034158, 0.043, 30, -8000901998480435924, 0]
[0, 0, 0.379, 15, 1265629790599224753, 0, 400, 3897019855732573540, 0.055, 600, -2693948663486136702, 0.137, 300, 1775312132333313019, 0.051, 600, 4760161866078430528, 0.136, 30, 2591559157409671599, 0]
[0, 0, 0.37, 15, -6118617569752711955, 0, 300, 8822348061921335507, 0.051, 600, -806854920926299123, 0.134, 500, -6144295302274008804, 0.049, 500, 3904165858835705174, 0.136, 30, 2991276946262363924, 0]
[0, 0, 0.368, 15, 8507789888021389395, 0, 500, 7359375005005377060, 0.047, 600, -2693948663486136702, 0.134, 300, 1775312132333313019, 0.051, 600, 4760161866078430528, 0.136, 30, 2591559157409671599, 0]
[0, 0, 0.368, 15, 8507789888021389395, 0, 400, 3815033125642820383, 0.051, 500, 7359375005005377060, 0.14, 600, -2693948663486136702, 0.134, 600, 7560709185878683266, 0.043, 30, 4542492663680140945, 0]
[0, 0, 0.368, 15, 8507789888021389395, 0, 500, 7359375005005377060, 0.047, 600, -2693948663486136702, 0.134, 300, 1775312132333313019, 0.051, 600, -1155610079133019710, 0.136, 30, -1010333683001606749, 0]
[0, 0, 0.366, 15, -7989850883241868611, 0, 400, 3815033125642820383, 0.049, 500, 7359375005005377060, 0.14, 600, -2693948663486136702, 0.134, 600, 7560709185878683266, 0.043, 30, 4542492663680140945, 0]
[0, 0, 0.366, 15, -7989850883241868611, 0, 400, 3815033125642820383, 0.049, 500, 7359375005005377060, 0.14, 600, -2693948663486136702, 0.134, 600, 7560709185878683266, 0.043, 30, 2239209548867431734, 0]
[0, 0, 0.366, 15, 8507789888021389395, 0, 300, 8822348061921335507, 0.047, 600, -806854920926299123, 0.134, 500, -6144295302274008804, 0.049, 500, 3904165858835705174, 0.136, 30, 2991276946262363924, 0]
[0, 0, 0.364, 15, 2222690104462789422, 0, 300, -4716520005400219835, 0.055, 600, 5841356038327741955, 0.137, 300, -9151352623305925947, 0.043, 600, 1077834371903959278, 0.043, 500, 5014807165365165420, 0.043, 600, -8638541359289766203, 0.043, 30, -1331357837653737300, 0]
[0, 0, 0.364, 15, 2222690104462789422, 0, 300, -4716520005400219835, 0.055, 600, 5841356038327741955, 0.137, 300, -9151352623305925947, 0.043, 600, 1077834371903959278, 0.043, 500, 5014807165365165420, 0.043, 600, -8154061879017779326, 0.043, 30, -5722370990228667705, 0]
[0, 0, 0.363, 15, -2420451897443556354, 0, 300, -816059963735629833, 0.053, 600, -7638863465960447478, 0.138, 600, -5179246167067748638, 0.043, 600, 6026041416608648880, 0.043, 600, -4115019311881908894, 0.043, 600, -1591059787530953642, 0.043, 30, 6569276649565597469, 0]
[0, 0, 0.363, 15, -2420451897443556354, 0, 300, -816059963735629833, 0.053, 600, -7638863465960447478, 0.138, 600, -2415414093728541635, 0.043, 600, 6026041416608648880, 0.043, 600, -4115019311881908894, 0.043, 600, -1538632017325618984, 0.043, 30, 756485373550264462, 0]
[0, 0, 0.363, 15, -1743518059593922205, 0, 300, -4716520005400219835, 0.054, 600, 5841356038327741955, 0.137, 300, -9151352623305925947, 0.043, 600, 1077834371903959278, 0.043, 500, 5014807165365165420, 0.043, 600, -8638541359289766203, 0.043, 30, -1331357837653737300, 0]
[0, 0, 0.363, 15, -2420451897443556354, 0, 300, -816059963735629833, 0.053, 600, -7638863465960447478, 0.138, 600, -2415414093728541635, 0.043, 600, 6026041416608648880, 0.043, 600, -4115019311881908894, 0.043, 600, 1059537025899080733, 0.043, 30, -1014157690353915322, 0]
[0, 0, 0.363, 15, -2420451897443556354, 0, 300, -816059963735629833, 0.053, 600, -7638863465960447478, 0.138, 600, -5179246167067748638, 0.043, 600, 6026041416608648880, 0.043, 600, -4115019311881908894, 0.043, 600, -4783031692932407782, 0.043, 30, -343129628208555299, 0]
[0, 0, 0.363, 15, 6124432838111552196, 0, 300, 2255264074277314088, 0.043, 600, -806854920926299123, 0.043, 400, -4135814218864978133, 0.043, 500, 3114614862211501678, 0.054, 500, -2616321916333378615, 0.137, 500, 4809497029037748109, 0.043, 30, 8853888652072368465, 0]
[0, 0, 0.363, 15, -2420451897443556354, 0, 300, -816059963735629833, 0.053, 600, -7638863465960447478, 0.138, 600, -2415414093728541635, 0.043, 600, 6026041416608648880, 0.043, 600, 1270857238842264533, 0.043, 500, -8730995938504538423, 0.043, 30, -8495213835456486892, 0]
[0, 0, 0.363, 15, -1743518059593922205, 0, 300, -4716520005400219835, 0.054, 600, 5841356038327741955, 0.137, 300, -9151352623305925947, 0.043, 500, 2578076890211967901, 0.043, 500, 4957498653001023160, 0.043, 600, 5521443401799617766, 0.043, 30, -1099484728499302148, 0]
[0, 0, 0.363, 15, -1743518059593922205, 0, 300, -4716520005400219835, 0.054, 600, 5841356038327741955, 0.137, 300, -9151352623305925947, 0.043, 500, 2578076890211967901, 0.043, 500, 4957498653001023160, 0.043, 500, -6917001955903973230, 0.043, 30, -2924674238163692660, 0]
[0, 0, 0.361, 15, -3733458271645495421, 0, 300, -816059963735629833, 0.051, 600, -7638863465960447478, 0.138, 600, -2415414093728541635, 0.043, 600, 6026041416608648880, 0.043, 600, -4115019311881908894, 0.043, 600, -1591059787530953642, 0.043, 30, 6569276649565597469, 0]
[0, 0, 0.361, 15, -3733458271645495421, 0, 300, -816059963735629833, 0.051, 600, -7638863465960447478, 0.138, 600, -2415414093728541635, 0.043, 600, 6026041416608648880, 0.043, 600, -4115019311881908894, 0.043, 600, -1538632017325618984, 0.043, 30, 756485373550264462, 0]
[0, 0, 0.361, 15, -3733458271645495421, 0, 300, -816059963735629833, 0.051, 600, -7638863465960447478, 0.138, 600, -5179246167067748638, 0.043, 600, 6026041416608648880, 0.043, 600, -4115019311881908894, 0.043, 600, 1059537025899080733, 0.043, 30, -1014157690353915322, 0]
[0, 0, 0.361, 15, -3733458271645495421, 0, 300, -816059963735629833, 0.051, 600, -7638863465960447478, 0.138, 600, -5179246167067748638, 0.043, 600, 6026041416608648880, 0.043, 600, 1270857238842264533, 0.043, 500, -8730995938504538423, 0.043, 30, -8495213835456486892, 0]
[0, 0, 0.361, 15, -3733458271645495421, 0, 300, -816059963735629833, 0.051, 600, -7638863465960447478, 0.138, 600, -2415414093728541635, 0.043, 600, 6026041416608648880, 0.043, 600, 1270857238842264533, 0.043, 500, -8730995938504538423, 0.043, 30, -8495213835456486892, 0]
[0, 0, 0.36, 15, -3625186842953750147, 0, 300, -9148157127123663151, 0.052, 600, 5841356038327741955, 0.136, 300, -9151352623305925947, 0.043, 500, 2578076890211967901, 0.043, 500, 4957498653001023160, 0.043, 600, 1059339785171121962, 0.043, 30, -5127170742473142476, 0]
[0, 0, 0.36, 15, -3625186842953750147, 0, 300, -9148157127123663151, 0.052, 600, 5841356038327741955, 0.136, 600, -1432042552533802534, 0.043, 500, -7140273302932554757, 0.043, 600, -4115019311881908894, 0.043, 600, -1538632017325618984, 0.043, 30, 756485373550264462, 0]
[0, 0, 0.36, 15, -3625186842953750147, 0, 300, -9148157127123663151, 0.052, 600, 5841356038327741955, 0.136, 300, -9151352623305925947, 0.043, 500, 2578076890211967901, 0.043, 500, 4957498653001023160, 0.043, 500, 4809497029037748109, 0.043, 30, 8853888652072368465, 0]
[0, 0, 0.36, 15, -3625186842953750147, 0, 300, -9148157127123663151, 0.052, 600, 5841356038327741955, 0.136, 600, -1432042552533802534, 0.043, 500, -7140273302932554757, 0.043, 600, -4115019311881908894, 0.043, 600, 1059537025899080733, 0.043, 30, -1014157690353915322, 0]
[0, 0, 0.36, 15, -3625186842953750147, 0, 300, -9148157127123663151, 0.052, 600, 5841356038327741955, 0.136, 300, -9151352623305925947, 0.043, 500, 2578076890211967901, 0.043, 500, 4957498653001023160, 0.043, 600, 5521443401799617766, 0.043, 30, -1099484728499302148, 0]
[0, 0, 0.36, 15, -3625186842953750147, 0, 300, -9148157127123663151, 0.052, 600, 5841356038327741955, 0.136, 300, -9151352623305925947, 0.043, 600, 1077834371903959278, 0.043, 500, 5014807165365165420, 0.043, 500, 170075324634304449, 0.043, 30, 3481707495018425910, 0]
[0, 0, 0.359, 15, 2397080945034785517, 0, 300, -9148157127123663151, 0.051, 600, 5841356038327741955, 0.136, 300, -9151352623305925947, 0.043, 500, 2578076890211967901, 0.043, 500, 4957498653001023160, 0.043, 600, 1059339785171121962, 0.043, 30, -5127170742473142476, 0]
[0, 0, 0.359, 15, -6708173777359198665, 0, 300, -4507051440045761180, 0.051, 600, 5841356038327741955, 0.136, 300, -9151352623305925947, 0.043, 600, 1077834371903959278, 0.043, 500, 5014807165365165420, 0.043, 600, -8638541359289766203, 0.043, 30, -1331357837653737300, 0]
[0, 0, 0.359, 15, 2397080945034785517, 0, 300, -9148157127123663151, 0.051, 600, 5841356038327741955, 0.136, 300, -9151352623305925947, 0.043, 600, 1077834371903959278, 0.043, 500, 5014807165365165420, 0.043, 600, -8638541359289766203, 0.043, 30, -1331357837653737300, 0]
[0, 0, 0.359, 15, -654390524944600601, 0, 300, -4507051440045761180, 0.051, 600, 5841356038327741955, 0.136, 300, -9151352623305925947, 0.043, 500, 2578076890211967901, 0.043, 500, 4957498653001023160, 0.043, 500, 4809497029037748109, 0.043, 30, 8853888652072368465, 0]
[0, 0, 0.359, 15, -6708173777359198665, 0, 300, -4507051440045761180, 0.051, 600, 5841356038327741955, 0.136, 300, -9151352623305925947, 0.043, 500, 2578076890211967901, 0.043, 500, 4957498653001023160, 0.043, 500, 4809497029037748109, 0.043, 30, 8853888652072368465, 0]
[0, 0, 0.359, 15, -654390524944600601, 0, 300, -4507051440045761180, 0.051, 600, 5841356038327741955, 0.136, 300, -9151352623305925947, 0.043, 500, 2578076890211967901, 0.043, 500, 4957498653001023160, 0.043, 600, 5521443401799617766, 0.043, 30, -1099484728499302148, 0]
[0, 0, 0.359, 15, -6708173777359198665, 0, 300, -4507051440045761180, 0.051, 600, 5841356038327741955, 0.136, 300, -9151352623305925947, 0.043, 500, 2578076890211967901, 0.043, 500, 4957498653001023160, 0.043, 600, 5521443401799617766, 0.043, 30, -1099484728499302148, 0]
[0, 0, 0.359, 15, 2397080945034785517, 0, 300, -9148157127123663151, 0.051, 600, 5841356038327741955, 0.136, 300, -9151352623305925947, 0.043, 500, 2578076890211967901, 0.043, 500, 4957498653001023160, 0.043, 600, 5521443401799617766, 0.043, 30, -1099484728499302148, 0]
[0, 0, 0.359, 15, -6708173777359198665, 0, 300, -4507051440045761180, 0.051, 600, 5841356038327741955, 0.136, 300, -9151352623305925947, 0.043, 600, 1077834371903959278, 0.043, 500, 5014807165365165420, 0.043, 600, -8154061879017779326, 0.043, 30, -5722370990228667705, 0]
[0, 0, 0.359, 15, -654390524944600601, 0, 300, -4507051440045761180, 0.051, 600, 5841356038327741955, 0.136, 300, -9151352623305925947, 0.043, 500, 2578076890211967901, 0.043, 500, 4957498653001023160, 0.043, 500, -6917001955903973230, 0.043, 30, -2924674238163692660, 0]
[0, 0, 0.359, 15, -654390524944600601, 0, 300, -4507051440045761180, 0.051, 600, 5841356038327741955, 0.136, 300, -9151352623305925947, 0.043, 600, 1077834371903959278, 0.043, 500, 5014807165365165420, 0.043, 500, 170075324634304449, 0.043, 30, 3481707495018425910, 0]
[0, 0, 0.359, 15, -6708173777359198665, 0, 300, -4507051440045761180, 0.051, 600, 5841356038327741955, 0.136, 300, -9151352623305925947, 0.043, 600, 1077834371903959278, 0.043, 500, 5014807165365165420, 0.043, 500, 7657532674681106325, 0.043, 30, -8291609511916620044, 0]
[0, 0, 0.357, 15, 1189795454940763098, 0, 300, -9148157127123663151, 0.049, 600, 5841356038327741955, 0.136, 300, -9151352623305925947, 0.043, 500, 2578076890211967901, 0.043, 500, 4957498653001023160, 0.043, 600, 1059339785171121962, 0.043, 30, -5127170742473142476, 0]
[0, 0, 0.357, 15, 1189795454940763098, 0, 300, -9148157127123663151, 0.049, 600, 5841356038327741955, 0.136, 300, -9151352623305925947, 0.043, 500, 2578076890211967901, 0.043, 500, 4957498653001023160, 0.043, 500, 4809497029037748109, 0.043, 30, 8853888652072368465, 0]
[0, 0, 0.357, 15, 1189795454940763098, 0, 300, -9148157127123663151, 0.049, 600, 5841356038327741955, 0.136, 300, -9151352623305925947, 0.043, 600, 1077834371903959278, 0.043, 500, 5014807165365165420, 0.043, 600, -8154061879017779326, 0.043, 30, -5722370990228667705, 0]
[0, 0, 0.357, 15, 6124432838111552196, 0, 300, 2255264074277314088, 0.043, 600, -806854920926299123, 0.043, 500, -6144295302274008804, 0.049, 500, 3904165858835705174, 0.136, 500, 4795681433799240069, 0.043, 500, 170075324634304449, 0.043, 30, 3481707495018425910, 0]
[0, 0, 0.357, 15, 8507789888021389395, 0, 300, 2255264074277314088, 0.043, 600, -806854920926299123, 0.043, 500, -6144295302274008804, 0.049, 500, 3904165858835705174, 0.136, 500, 4795681433799240069, 0.043, 500, 170075324634304449, 0.043, 30, 3481707495018425910, 0]
[0, 0, 0.357, 15, 8507789888021389395, 0, 300, 2255264074277314088, 0.043, 600, -806854920926299123, 0.043, 500, -6144295302274008804, 0.049, 500, 3904165858835705174, 0.136, 500, 1656487295651308762, 0.043, 500, 7657532674681106325, 0.043, 30, -8291609511916620044, 0]
[0, 0, 0.357, 15, 1189795454940763098, 0, 300, -9148157127123663151, 0.049, 600, 5841356038327741955, 0.136, 300, -9151352623305925947, 0.043, 500, 2578076890211967901, 0.043, 500, 4957498653001023160, 0.043, 500, -6917001955903973230, 0.043, 30, -2924674238163692660, 0]
[0, 0, 0.357, 15, 1189795454940763098, 0, 300, -9148157127123663151, 0.049, 600, 5841356038327741955, 0.136, 300, -9151352623305925947, 0.043, 600, 1077834371903959278, 0.043, 500, 5014807165365165420, 0.043, 500, 170075324634304449, 0.043, 30, 3481707495018425910, 0]
[0, 0, 0.333, 15, 3537749709761631847, 0, 400, 2401535462039866743, 0.054, 500, 4214494895979703510, 0.143, 600, 7560709185878683266, 0.136, 30, 4542492663680140945, 0]
[0, 0, 0.333, 15, 3537749709761631847, 0, 400, 2401535462039866743, 0.054, 500, 4214494895979703510, 0.143, 600, 7560709185878683266, 0.136, 30, 2239209548867431734, 0]
[0, 0, 0.333, 15, 3537749709761631847, 0, 400, 2401535462039866743, 0.054, 500, 4214494895979703510, 0.143, 600, 60791824880682448, 0.136, 30, 974484604666647233, 0]
[0, 0, 0.333, 15, 3537749709761631847, 0, 400, 2401535462039866743, 0.054, 500, 4214494895979703510, 0.143, 600, 60791824880682448, 0.136, 30, -8195969377678585884, 0]
[0, 0, 0.333, 15, 8507789888021389395, 0, 400, 2401535462039866743, 0.054, 500, 4214494895979703510, 0.143, 600, 60791824880682448, 0.136, 30, 974484604666647233, 0]
[0, 0, 0.321, 15, 2222690104462789422, 0, 300, -4716520005400219835, 0.055, 600, 5841356038327741955, 0.137, 300, -9151352623305925947, 0.043, 500, 2578076890211967901, 0.043, 500, 4957498653001023160, 0.043, 30, -6379817381209860498, 0]
[0, 0, 0.321, 15, 2222690104462789422, 0, 300, -4716520005400219835, 0.055, 600, 5841356038327741955, 0.137, 300, -9151352623305925947, 0.043, 600, 1077834371903959278, 0.043, 500, 5014807165365165420, 0.043, 30, -6024295421441682557, 0]
[0, 0, 0.321, 15, 1265629790599224753, 0, 400, 3897019855732573540, 0.055, 600, -2693948663486136702, 0.137, 500, -635856145640555751, 0.043, 600, 4339968775669308343, 0.043, 500, -5805252559064444812, 0.043, 30, -4090042294507347374, 0]
[0, 0, 0.321, 15, 1265629790599224753, 0, 400, 3897019855732573540, 0.055, 600, -2693948663486136702, 0.137, 500, -635856145640555751, 0.043, 600, 4339968775669308343, 0.043, 600, 4527006302446732867, 0.043, 30, 5523004022372573336, 0]
[0, 0, 0.32, 15, 1475914162812322750, 0, 400, 3897019855732573540, 0.054, 600, -2693948663486136702, 0.137, 500, -635856145640555751, 0.043, 600, 4339968775669308343, 0.043, 500, -5805252559064444812, 0.043, 30, -4090042294507347374, 0]
[0, 0, 0.32, 15, 1475914162812322750, 0, 400, 3897019855732573540, 0.054, 600, -2693948663486136702, 0.137, 500, -635856145640555751, 0.043, 600, 4339968775669308343, 0.043, 600, 4527006302446732867, 0.043, 30, 5523004022372573336, 0]
[0, 0, 0.317, 15, -3625186842953750147, 0, 300, -9148157127123663151, 0.052, 600, 5841356038327741955, 0.136, 300, -9151352623305925947, 0.043, 600, 1077834371903959278, 0.043, 500, 5014807165365165420, 0.043, 30, -6024295421441682557, 0]
[0, 0, 0.316, 15, -1810040483467937849, 0, 600, -808390582113352452, 0.043, 600, 2118240753861281808, 0.043, 600, -2693948663486136702, 0.043, 300, 1775312132333313019, 0.051, 600, 4760161866078430528, 0.136, 30, 2591559157409671599, 0]
[0, 0, 0.316, 15, -654390524944600601, 0, 300, -4507051440045761180, 0.051, 600, 5841356038327741955, 0.136, 300, -9151352623305925947, 0.043, 500, 2578076890211967901, 0.043, 500, 4957498653001023160, 0.043, 30, -6379817381209860498, 0]
[0, 0, 0.316, 15, -6708173777359198665, 0, 300, -4507051440045761180, 0.051, 600, 5841356038327741955, 0.136, 300, -9151352623305925947, 0.043, 500, 2578076890211967901, 0.043, 500, 4957498653001023160, 0.043, 30, -6379817381209860498, 0]
[0, 0, 0.316, 15, 2397080945034785517, 0, 300, -9148157127123663151, 0.051, 600, 5841356038327741955, 0.136, 300, -9151352623305925947, 0.043, 500, 2578076890211967901, 0.043, 500, 4957498653001023160, 0.043, 30, -6379817381209860498, 0]
[0, 0, 0.316, 15, -6708173777359198665, 0, 300, -4507051440045761180, 0.051, 600, 5841356038327741955, 0.136, 300, -9151352623305925947, 0.043, 600, 1077834371903959278, 0.043, 500, 5014807165365165420, 0.043, 30, -6024295421441682557, 0]
[0, 0, 0.316, 15, -3873206755200411578, 0, 300, 6928425023610417219, 0.051, 600, 4123305513561349936, 0.136, 600, -8694764327031612086, 0.043, 600, 3106567977825814765, 0.043, 500, -4285223736366034158, 0.043, 30, -8000901998480435924, 0]
[0, 0, 0.316, 15, 8507789888021389395, 0, 300, -9161583809991264092, 0.051, 600, 4123305513561349936, 0.136, 600, -8694764327031612086, 0.043, 600, 3106567977825814765, 0.043, 500, -4285223736366034158, 0.043, 30, -8000901998480435924, 0]
[0, 0, 0.316, 15, 2170007699895525378, 0, 300, -9161583809991264092, 0.051, 600, 4123305513561349936, 0.136, 600, -8694764327031612086, 0.043, 600, 3106567977825814765, 0.043, 500, -4285223736366034158, 0.043, 30, -8000901998480435924, 0]
[0, 0, 0.316, 15, -1810040483467937849, 0, 600, -808390582113352452, 0.043, 600, 2118240753861281808, 0.043, 600, -2693948663486136702, 0.043, 300, 1775312132333313019, 0.051, 600, -1155610079133019710, 0.136, 30, -1010333683001606749, 0]
[0, 0, 0.314, 15, -5369747239509540820, 0, 300, -6093794562032163068, 0.043, 500, 6756120290637390583, 0.043, 300, 416835926278548274, 0.049, 600, -8396408818497968244, 0.136, 600, 7493867616010772943, 0.043, 30, -3521843538576616852, 0]
[0, 0, 0.314, 15, -2413987350418395185, 0, 300, -7155044415038057046, 0.043, 500, 6756120290637390583, 0.043, 300, 416835926278548274, 0.049, 600, 2038065896572814765, 0.136, 600, 6733698808503763624, 0.043, 30, -3297155795029443936, 0]
[0, 0, 0.314, 15, 1629865971635095836, 0, 300, -6093794562032163068, 0.043, 500, 6756120290637390583, 0.043, 300, 416835926278548274, 0.049, 600, 2038065896572814765, 0.136, 600, 6733698808503763624, 0.043, 30, -3297155795029443936, 0]
[0, 0, 0.314, 15, -2413987350418395185, 0, 300, -7155044415038057046, 0.043, 500, 6756120290637390583, 0.043, 300, 416835926278548274, 0.049, 600, 1083741781107056803, 0.136, 600, -3197194282874818111, 0.043, 30, -3033616324050366314, 0]
[0, 0, 0.314, 15, -2413987350418395185, 0, 300, -7155044415038057046, 0.043, 500, 6756120290637390583, 0.043, 300, 416835926278548274, 0.049, 600, 2038065896572814765, 0.136, 600, -4761116492119294920, 0.043, 30, 3109725349739976152, 0]
[0, 0, 0.314, 15, -2413987350418395185, 0, 300, -7155044415038057046, 0.043, 500, 6756120290637390583, 0.043, 300, 416835926278548274, 0.049, 600, -8658292702315711903, 0.136, 600, -5423927131455070395, 0.043, 30, 3765278750173320474, 0]
[0, 0, 0.314, 15, -2413987350418395185, 0, 300, -7155044415038057046, 0.043, 500, 6756120290637390583, 0.043, 300, 416835926278548274, 0.049, 600, 2038065896572814765, 0.136, 600, 8346585637993087303, 0.043, 30, -7523484380178784011, 0]
[0, 0, 0.314, 15, -5369747239509540820, 0, 300, -6093794562032163068, 0.043, 500, 6756120290637390583, 0.043, 300, 416835926278548274, 0.049, 600, 1083741781107056803, 0.136, 600, 12773073722193138, 0.043, 30, -3273205837809872686, 0]
[0, 0, 0.314, 15, -5369747239509540820, 0, 300, -6093794562032163068, 0.043, 500, 6756120290637390583, 0.043, 300, 416835926278548274, 0.049, 600, 1083741781107056803, 0.136, 600, -3197194282874818111, 0.043, 30, -3033616324050366314, 0]
[0, 0, 0.314, 15, -5369747239509540820, 0, 300, -6093794562032163068, 0.043, 500, 6756120290637390583, 0.043, 300, 416835926278548274, 0.049, 600, -8396408818497968244, 0.136, 600, 774345181408569237, 0.043, 30, 4738487174268251159, 0]
[0, 0, 0.314, 15, 1629865971635095836, 0, 300, -6093794562032163068, 0.043, 500, 6756120290637390583, 0.043, 300, 416835926278548274, 0.049, 600, 1083741781107056803, 0.136, 600, 12773073722193138, 0.043, 30, -3273205837809872686, 0]
[0, 0, 0.314, 15, 1629865971635095836, 0, 300, -6093794562032163068, 0.043, 500, 6756120290637390583, 0.043, 300, 416835926278548274, 0.049, 600, 1083741781107056803, 0.136, 600, -3197194282874818111, 0.043, 30, -3033616324050366314, 0]
[0, 0, 0.314, 15, 1629865971635095836, 0, 300, -6093794562032163068, 0.043, 500, 6756120290637390583, 0.043, 300, 416835926278548274, 0.049, 600, -8396408818497968244, 0.136, 600, 774345181408569237, 0.043, 30, 4738487174268251159, 0]
[0, 0, 0.314, 15, -5369747239509540820, 0, 300, -6093794562032163068, 0.043, 500, 6756120290637390583, 0.043, 300, 416835926278548274, 0.049, 600, -8658292702315711903, 0.136, 600, -600520255131213174, 0.043, 30, -2316258521302318037, 0]
[0, 0, 0.314, 15, 1629865971635095836, 0, 300, -6093794562032163068, 0.043, 500, 6756120290637390583, 0.043, 300, 416835926278548274, 0.049, 600, -8658292702315711903, 0.136, 600, -5423927131455070395, 0.043, 30, 3765278750173320474, 0]
[0, 0, 0.314, 15, 1629865971635095836, 0, 300, -6093794562032163068, 0.043, 500, 6756120290637390583, 0.043, 300, 416835926278548274, 0.049, 600, 2038065896572814765, 0.136, 600, 8346585637993087303, 0.043, 30, -7523484380178784011, 0]
[0, 0, 0.314, 15, -2413987350418395185, 0, 300, -7155044415038057046, 0.043, 500, 6756120290637390583, 0.043, 300, 416835926278548274, 0.049, 600, -8396408818497968244, 0.136, 600, -7667734263857056876, 0.043, 30, -3570778728694809098, 0]
[0, 0, 0.314, 15, 1629865971635095836, 0, 300, -6093794562032163068, 0.043, 500, 6756120290637390583, 0.043, 300, 416835926278548274, 0.049, 600, -8658292702315711903, 0.136, 600, -600520255131213174, 0.043, 30, -2316258521302318037, 0]
[0, 0, 0.314, 15, -2413987350418395185, 0, 300, -7155044415038057046, 0.043, 500, 6756120290637390583, 0.043, 300, 416835926278548274, 0.049, 600, -8396408818497968244, 0.136, 600, 1673081433975127815, 0.043, 30, -5682005294070497019, 0]
[0, 0, 0.314, 15, -5369747239509540820, 0, 300, -6093794562032163068, 0.043, 500, 6756120290637390583, 0.043, 300, 416835926278548274, 0.049, 600, -8396408818497968244, 0.136, 600, -7667734263857056876, 0.043, 30, -3570778728694809098, 0]
[0, 0, 0.314, 15, 1629865971635095836, 0, 300, -6093794562032163068, 0.043, 500, 6756120290637390583, 0.043, 300, 416835926278548274, 0.049, 600, -8658292702315711903, 0.136, 600, -6716384287615341065, 0.043, 30, -5387366306742927798, 0]
[0, 0, 0.314, 15, -5369747239509540820, 0, 300, -6093794562032163068, 0.043, 500, 6756120290637390583, 0.043, 300, 416835926278548274, 0.049, 600, -8396408818497968244, 0.136, 600, 1673081433975127815, 0.043, 30, -5682005294070497019, 0]
[0, 0, 0.314, 15, 8914537117573032063, 0, 300, -9161583809991264092, 0.049, 600, 4123305513561349936, 0.136, 600, -8694764327031612086, 0.043, 600, 3106567977825814765, 0.043, 500, -4285223736366034158, 0.043, 30, -8000901998480435924, 0]
[0, 0, 0.314, 15, 1629865971635095836, 0, 300, -6093794562032163068, 0.043, 500, 6756120290637390583, 0.043, 300, 416835926278548274, 0.049, 600, 2038065896572814765, 0.136, 600, -6771575240977749239, 0.043, 30, 6200115034006397326, 0]
[0, 0, 0.314, 15, -2413987350418395185, 0, 300, -7155044415038057046, 0.043, 500, 6756120290637390583, 0.043, 300, 416835926278548274, 0.049, 600, 40082633512495338, 0.136, 600, 7826948631982220017, 0.043, 30, -5920054444649694530, 0]
[0, 0, 0.314, 15, 1629865971635095836, 0, 300, -6093794562032163068, 0.043, 500, 6756120290637390583, 0.043, 300, 416835926278548274, 0.049, 600, -8396408818497968244, 0.136, 600, 1673081433975127815, 0.043, 30, -5682005294070497019, 0]
[0, 0, 0.31, 15, 8507789888021389395, 0, 500, 7359375005005377060, 0.047, 600, -2693948663486136702, 0.134, 500, -635856145640555751, 0.043, 600, 4339968775669308343, 0.043, 600, 3958564836157007035, 0.043, 30, 8853628773402799770, 0]
[0, 0, 0.31, 15, 8507789888021389395, 0, 500, 7359375005005377060, 0.047, 600, -2693948663486136702, 0.134, 500, -635856145640555751, 0.043, 600, 4339968775669308343, 0.043, 600, 4527006302446732867, 0.043, 30, 5523004022372573336, 0]
[0, 0, 0.278, 15, 2142443157139138782, 0, 300, 8822348061921335507, 0.047, 600, -806854920926299123, 0.134, 400, -4135814218864978133, 0.043, 500, 3114614862211501678, 0.054, 30, 4502413917450243336, 0]
[0, 0, 0.278, 15, 1265629790599224753, 0, 400, 3897019855732573540, 0.055, 600, -2693948663486136702, 0.137, 500, -635856145640555751, 0.043, 600, 8383474330172353159, 0.043, 30, -4878274056592686953, 0]
[0, 0, 0.274, 15, -3625186842953750147, 0, 300, -9148157127123663151, 0.052, 600, -5868782060274581996, 0.136, 600, -2020474427393223061, 0.043, 500, -4354771386652921490, 0.043, 30, 4710254855512410482, 0]
[0, 0, 0.274, 15, -3625186842953750147, 0, 300, -9148157127123663151, 0.052, 600, 5841356038327741955, 0.136, 500, 6756120290637390583, 0.043, 600, 2224609178557018124, 0.043, 30, 1892196328009865759, 0]
[0, 0, 0.274, 15, -3625186842953750147, 0, 300, -9148157127123663151, 0.052, 600, 5841356038327741955, 0.136, 500, 6756120290637390583, 0.043, 600, 2224609178557018124, 0.043, 30, -4015366669337042789, 0]
[0, 0, 0.273, 15, 8507789888021389395, 0, 400, 3815033125642820383, 0.051, 500, 1688490944852945191, 0.136, 500, 30030744558591971, 0.043, 600, 1517939191021688028, 0.043, 30, 223589108515920968, 0]
[0, 0, 0.273, 15, -654390524944600601, 0, 300, -4507051440045761180, 0.051, 600, 5841356038327741955, 0.136, 500, 6756120290637390583, 0.043, 600, 2224609178557018124, 0.043, 30, -4015366669337042789, 0]
[0, 0, 0.273, 15, 8507789888021389395, 0, 400, 3815033125642820383, 0.051, 500, 1688490944852945191, 0.136, 500, 30030744558591971, 0.043, 600, 2330904758983036601, 0.043, 30, -1110454654653040454, 0]
[0, 0, 0.273, 15, 5415471867959840921, 0, 400, 3815033125642820383, 0.051, 500, 1688490944852945191, 0.136, 500, 30030744558591971, 0.043, 600, 2330904758983036601, 0.043, 30, -1110454654653040454, 0]
[0, 0, 0.273, 15, 8507789888021389395, 0, 400, 3815033125642820383, 0.051, 500, 1688490944852945191, 0.136, 500, 30030744558591971, 0.043, 600, 3277785797650841900, 0.043, 30, -3292371217854529962, 0]
[0, 0, 0.271, 15, -6118617569752711955, 0, 300, 8822348061921335507, 0.051, 600, -2805179653723600443, 0.134, 600, 1378491365225456377, 0.043, 500, -4354771386652921490, 0.043, 30, 4710254855512410482, 0]
[0, 0, 0.271, 15, 1189795454940763098, 0, 300, -9148157127123663151, 0.049, 600, -5868782060274581996, 0.136, 600, -2020474427393223061, 0.043, 500, -4354771386652921490, 0.043, 30, 4710254855512410482, 0]
[0, 0, 0.271, 15, -5369747239509540820, 0, 300, -6093794562032163068, 0.043, 500, 6756120290637390583, 0.043, 300, 416835926278548274, 0.049, 600, -8396408818497968244, 0.136, 30, 1032368654866579551, 0]
[0, 0, 0.271, 15, 1629865971635095836, 0, 300, -6093794562032163068, 0.043, 500, 6756120290637390583, 0.043, 300, 416835926278548274, 0.049, 600, -8396408818497968244, 0.136, 30, 1032368654866579551, 0]
[0, 0, 0.271, 15, -6118617569752711955, 0, 300, 8822348061921335507, 0.051, 500, 1688490944852945191, 0.134, 500, 30030744558591971, 0.043, 600, 1517939191021688028, 0.043, 30, 223589108515920968, 0]
[0, 0, 0.271, 15, -5369747239509540820, 0, 300, -6093794562032163068, 0.043, 500, 6756120290637390583, 0.043, 300, 416835926278548274, 0.049, 600, 2038065896572814765, 0.136, 30, -4473473305099252427, 0]
[0, 0, 0.271, 15, -2413987350418395185, 0, 300, -7155044415038057046, 0.043, 500, 6756120290637390583, 0.043, 300, 416835926278548274, 0.049, 600, 1083741781107056803, 0.136, 30, 655548670864129217, 0]
[0, 0, 0.271, 15, -5369747239509540820, 0, 300, -6093794562032163068, 0.043, 500, 6756120290637390583, 0.043, 300, 416835926278548274, 0.049, 600, -8658292702315711903, 0.136, 30, 315334649715779273, 0]
[0, 0, 0.271, 15, 1629865971635095836, 0, 300, -6093794562032163068, 0.043, 500, 6756120290637390583, 0.043, 300, 416835926278548274, 0.049, 600, 1083741781107056803, 0.136, 30, 655548670864129217, 0]
[0, 0, 0.271, 15, 4812080345140041724, 0, 400, -4046813086557595906, 0.043, 500, -3985112113271840004, 0.051, 600, 5282536220321398345, 0.134, 200, 6268158977607409393, 0.043, 30, 5239018878198658081, 0]
[0, 0, 0.271, 15, 8495885170291999463, 0, 300, 2255264074277314088, 0.043, 600, -806854920926299123, 0.043, 500, -6144295302274008804, 0.049, 500, 3904165858835705174, 0.136, 30, 2991276946262363924, 0]
[0, 0, 0.271, 15, 5415471867959840921, 0, 300, 5767996467845280338, 0.043, 600, -806854920926299123, 0.043, 500, -6144295302274008804, 0.049, 500, 3904165858835705174, 0.136, 30, 2991276946262363924, 0]
[0, 0, 0.271, 15, 8507789888021389395, 0, 300, 5767996467845280338, 0.043, 600, -806854920926299123, 0.043, 500, -6144295302274008804, 0.049, 500, 3904165858835705174, 0.136, 30, 2991276946262363924, 0]
[0, 0, 0.271, 15, -6118617569752711955, 0, 300, 8822348061921335507, 0.051, 500, 1688490944852945191, 0.134, 500, 30030744558591971, 0.043, 600, 5125228929461816939, 0.043, 30, 8773625666369389998, 0]
[0, 0, 0.271, 15, 2397080945034785517, 0, 400, -4046813086557595906, 0.043, 500, -3985112113271840004, 0.051, 600, 5282536220321398345, 0.134, 200, 6268158977607409393, 0.043, 30, 5239018878198658081, 0]
[0, 0, 0.271, 15, 2397080945034785517, 0, 400, -4046813086557595906, 0.043, 500, -3985112113271840004, 0.051, 600, 5282536220321398345, 0.134, 200, 6268158977607409393, 0.043, 30, -7021058917036669936, 0]
[0, 0, 0.267, 15, 2142443157139138782, 0, 300, 8822348061921335507, 0.047, 600, -2805179653723600443, 0.134, 600, 1378491365225456377, 0.043, 500, -4354771386652921490, 0.043, 30, 4710254855512410482, 0]
[0, 0, 0.267, 15, 8507789888021389395, 0, 300, 8822348061921335507, 0.047, 500, 1688490944852945191, 0.134, 500, 30030744558591971, 0.043, 600, 1517939191021688028, 0.043, 30, 223589108515920968, 0]
[0, 0, 0.267, 15, 8507789888021389395, 0, 500, 7359375005005377060, 0.047, 600, -2693948663486136702, 0.134, 500, -635856145640555751, 0.043, 600, 4339968775669308343, 0.043, 30, 7563208791772553678, 0]
[0, 0, 0.267, 15, 8507789888021389395, 0, 300, 8822348061921335507, 0.047, 500, 1688490944852945191, 0.134, 500, 30030744558591971, 0.043, 600, 2330904758983036601, 0.043, 30, -1110454654653040454, 0]
[0, 0, 0.267, 15, 8507789888021389395, 0, 300, 8822348061921335507, 0.047, 500, 1688490944852945191, 0.134, 500, 30030744558591971, 0.043, 600, 5125228929461816939, 0.043, 30, 8773625666369389998, 0]
[0, 0, 0.267, 15, 2142443157139138782, 0, 300, 8822348061921335507, 0.047, 500, 1688490944852945191, 0.134, 500, 30030744558591971, 0.043, 600, 5125228929461816939, 0.043, 30, 8773625666369389998, 0]
[0, 0, 0.258, 15, -6708173777359198665, 0, 400, -1898666995183782194, 0.043, 600, -5485714634315894520, 0.043, 300, -9151352623305925947, 0.043, 500, 2578076890211967901, 0.043, 500, 4957498653001023160, 0.043, 600, 1059339785171121962, 0.043, 30, -5127170742473142476, 0]
[0, 0, 0.258, 15, 4812080345140041724, 0, 400, -4046813086557595906, 0.043, 500, 8011247017570806293, 0.043, 600, -5179246167067748638, 0.043, 600, 6026041416608648880, 0.043, 600, -4115019311881908894, 0.043, 600, -1591059787530953642, 0.043, 30, 6569276649565597469, 0]
[0, 0, 0.258, 15, -6708173777359198665, 0, 400, -1898666995183782194, 0.043, 600, -5485714634315894520, 0.043, 300, -9151352623305925947, 0.043, 600, 1077834371903959278, 0.043, 500, 5014807165365165420, 0.043, 600, -8638541359289766203, 0.043, 30, -1331357837653737300, 0]
[0, 0, 0.258, 15, -654390524944600601, 0, 400, -1898666995183782194, 0.043, 600, -5485714634315894520, 0.043, 300, -9151352623305925947, 0.043, 600, 1077834371903959278, 0.043, 500, 5014807165365165420, 0.043, 600, -8638541359289766203, 0.043, 30, -1331357837653737300, 0]
[0, 0, 0.258, 15, 4812080345140041724, 0, 400, -4046813086557595906, 0.043, 500, 8011247017570806293, 0.043, 600, -5179246167067748638, 0.043, 600, 6026041416608648880, 0.043, 600, -4115019311881908894, 0.043, 600, 1059537025899080733, 0.043, 30, -1014157690353915322, 0]
[0, 0, 0.258, 15, -6708173777359198665, 0, 400, -1898666995183782194, 0.043, 600, -5485714634315894520, 0.043, 600, -7858765951621651583, 0.043, 600, 6026041416608648880, 0.043, 600, -4115019311881908894, 0.043, 600, 1059537025899080733, 0.043, 30, -1014157690353915322, 0]
[0, 0, 0.258, 15, -6708173777359198665, 0, 400, -1898666995183782194, 0.043, 600, -5485714634315894520, 0.043, 600, -7858765951621651583, 0.043, 600, 6026041416608648880, 0.043, 600, -4115019311881908894, 0.043, 600, -4783031692932407782, 0.043, 30, -343129628208555299, 0]
[0, 0, 0.258, 15, -6708173777359198665, 0, 400, -1898666995183782194, 0.043, 600, -5485714634315894520, 0.043, 300, -9151352623305925947, 0.043, 500, 2578076890211967901, 0.043, 500, 4957498653001023160, 0.043, 600, 5521443401799617766, 0.043, 30, -1099484728499302148, 0]
[0, 0, 0.258, 15, 6124432838111552196, 0, 300, 2255264074277314088, 0.043, 600, -2928368804382469807, 0.043, 600, -2693948663486136702, 0.043, 500, -635856145640555751, 0.043, 600, 4339968775669308343, 0.043, 500, -5805252559064444812, 0.043, 30, -4090042294507347374, 0]
[0, 0, 0.258, 15, -6708173777359198665, 0, 400, -1898666995183782194, 0.043, 600, -5485714634315894520, 0.043, 300, -9151352623305925947, 0.043, 600, 1077834371903959278, 0.043, 500, 5014807165365165420, 0.043, 600, -8154061879017779326, 0.043, 30, -5722370990228667705, 0]
[0, 0, 0.258, 15, -1810040483467937849, 0, 600, -808390582113352452, 0.043, 600, 2118240753861281808, 0.043, 600, -2693948663486136702, 0.043, 500, -635856145640555751, 0.043, 600, 4339968775669308343, 0.043, 600, 3958564836157007035, 0.043, 30, 8853628773402799770, 0]
[0, 0, 0.258, 15, -6708173777359198665, 0, 400, -1898666995183782194, 0.043, 600, -5485714634315894520, 0.043, 300, -9151352623305925947, 0.043, 500, 2578076890211967901, 0.043, 500, 4957498653001023160, 0.043, 500, -6917001955903973230, 0.043, 30, -2924674238163692660, 0]
[0, 0, 0.258, 15, -6708173777359198665, 0, 400, -1898666995183782194, 0.043, 600, -5485714634315894520, 0.043, 300, -9151352623305925947, 0.043, 600, 1077834371903959278, 0.043, 500, 5014807165365165420, 0.043, 500, 7657532674681106325, 0.043, 30, -8291609511916620044, 0]
[0, 0, 0.258, 15, -6708173777359198665, 0, 400, -1898666995183782194, 0.043, 600, -5485714634315894520, 0.043, 300, -9151352623305925947, 0.043, 600, 1077834371903959278, 0.043, 500, 5014807165365165420, 0.043, 500, 170075324634304449, 0.043, 30, 3481707495018425910, 0]
[0, 0, 0.258, 15, -1810040483467937849, 0, 600, -808390582113352452, 0.043, 600, 2118240753861281808, 0.043, 600, -2693948663486136702, 0.043, 500, -635856145640555751, 0.043, 600, 4339968775669308343, 0.043, 600, 4527006302446732867, 0.043, 30, 5523004022372573336, 0]
[0, 0, 0.234, 15, -2420451897443556354, 0, 300, -816059963735629833, 0.053, 600, -7638863465960447478, 0.138, 600, 2224609178557018124, 0.043, 30, -4015366669337042789, 0]
[0, 0, 0.234, 15, 3743196905122162283, 0, 400, 1699870514766304190, 0.054, 600, 5282536220321398345, 0.137, 200, 6268158977607409393, 0.043, 30, 5239018878198658081, 0]
[0, 0, 0.234, 15, 2235876560492493570, 0, 400, 1699870514766304190, 0.054, 600, 5282536220321398345, 0.137, 200, 6268158977607409393, 0.043, 30, 5239018878198658081, 0]
[0, 0, 0.234, 15, 2235876560492493570, 0, 400, 1699870514766304190, 0.054, 600, 5282536220321398345, 0.137, 200, 6268158977607409393, 0.043, 30, -7021058917036669936, 0]
[0, 0, 0.231, 15, -3625186842953750147, 0, 300, -9148157127123663151, 0.052, 600, -5868782060274581996, 0.136, 600, -2020474427393223061, 0.043, 30, 1262165177568749956, 0]
[0, 0, 0.23, 15, -654390524944600601, 0, 300, -4507051440045761180, 0.051, 600, -2025587683049865978, 0.136, 500, 114854310971068019, 0.043, 30, -566758109349975962, 0]
[0, 0, 0.23, 15, 5415471867959840921, 0, 400, 3815033125642820383, 0.051, 600, -3079195550408509368, 0.136, 600, 60791824880682448, 0.043, 30, -8195969377678585884, 0]
[0, 0, 0.228, 15, -6118617569752711955, 0, 300, 8822348061921335507, 0.051, 600, -2805179653723600443, 0.134, 600, 1378491365225456377, 0.043, 30, -3274644479064536096, 0]
[0, 0, 0.228, 15, 4812080345140041724, 0, 400, -4046813086557595906, 0.043, 500, -3985112113271840004, 0.051, 600, 2224609178557018124, 0.134, 30, -4015366669337042789, 0]
[0, 0, 0.228, 15, 1400919487856451178, 0, 400, -4046813086557595906, 0.043, 500, -3985112113271840004, 0.051, 600, 2224609178557018124, 0.134, 30, -4015366669337042789, 0]
[0, 0, 0.228, 15, -6118617569752711955, 0, 300, 8822348061921335507, 0.051, 500, 1688490944852945191, 0.134, 500, 30030744558591971, 0.043, 30, -5956035607933126691, 0]
[0, 0, 0.224, 15, 8507789888021389395, 0, 500, 7359375005005377060, 0.047, 600, -2693948663486136702, 0.134, 600, 7560709185878683266, 0.043, 30, 4542492663680140945, 0]
[0, 0, 0.224, 15, 8507789888021389395, 0, 300, 8822348061921335507, 0.047, 600, -2805179653723600443, 0.134, 600, 1378491365225456377, 0.043, 30, -3274644479064536096, 0]
[0, 0, 0.224, 15, 8507789888021389395, 0, 300, 8822348061921335507, 0.047, 500, 1688490944852945191, 0.134, 500, 30030744558591971, 0.043, 30, -5956035607933126691, 0]
[0, 0, 0.224, 15, 2142443157139138782, 0, 300, 8822348061921335507, 0.047, 500, 1688490944852945191, 0.134, 500, 30030744558591971, 0.043, 30, -5956035607933126691, 0]
[0, 0, 0.215, 15, -5369747239509540820, 0, 600, -4436093448482490933, 0.043, 500, -2846093439765817481, 0.043, 600, -1794254765878568611, 0.043, 600, -4115019311881908894, 0.043, 600, -1591059787530953642, 0.043, 30, 6569276649565597469, 0]
[0, 0, 0.215, 15, -2413987350418395185, 0, 600, 6759279568434828719, 0.043, 500, -2846093439765817481, 0.043, 600, -1794254765878568611, 0.043, 600, -4115019311881908894, 0.043, 600, -1538632017325618984, 0.043, 30, 756485373550264462, 0]
[0, 0, 0.215, 15, 3743196905122162283, 0, 300, 8174710000356079459, 0.043, 600, -5179246167067748638, 0.043, 600, 6026041416608648880, 0.043, 600, -4115019311881908894, 0.043, 600, -1591059787530953642, 0.043, 30, 6569276649565597469, 0]
[0, 0, 0.215, 15, 3743196905122162283, 0, 300, 8174710000356079459, 0.043, 600, -5179246167067748638, 0.043, 600, 6026041416608648880, 0.043, 600, -4115019311881908894, 0.043, 600, -1538632017325618984, 0.043, 30, 756485373550264462, 0]
[0, 0, 0.215, 15, -654390524944600601, 0, 400, -1898666995183782194, 0.043, 600, -5485714634315894520, 0.043, 300, -9151352623305925947, 0.043, 600, 1077834371903959278, 0.043, 500, 5014807165365165420, 0.043, 30, -6024295421441682557, 0]
[0, 0, 0.215, 15, -2413987350418395185, 0, 600, 6759279568434828719, 0.043, 500, -2846093439765817481, 0.043, 600, -1794254765878568611, 0.043, 600, -4115019311881908894, 0.043, 600, 1059537025899080733, 0.043, 30, -1014157690353915322, 0]
[0, 0, 0.215, 15, 6124432838111552196, 0, 300, 2255264074277314088, 0.043, 600, -2928368804382469807, 0.043, 600, -2693948663486136702, 0.043, 500, -635856145640555751, 0.043, 600, 4339968775669308343, 0.043, 30, 7563208791772553678, 0]
[0, 0, 0.215, 15, 8507789888021389395, 0, 300, 2255264074277314088, 0.043, 600, -2928368804382469807, 0.043, 600, -2693948663486136702, 0.043, 500, -635856145640555751, 0.043, 600, 4339968775669308343, 0.043, 30, 7563208791772553678, 0]
[0, 0, 0.215, 15, 6124432838111552196, 0, 300, 2255264074277314088, 0.043, 600, -2928368804382469807, 0.043, 600, -2693948663486136702, 0.043, 500, -635856145640555751, 0.043, 600, -5926335568168371543, 0.043, 30, -6114101041843793015, 0]
[0, 0, 0.215, 15, -1810040483467937849, 0, 600, -808390582113352452, 0.043, 600, 2118240753861281808, 0.043, 600, -2693948663486136702, 0.043, 500, -635856145640555751, 0.043, 600, -5926335568168371543, 0.043, 30, -6114101041843793015, 0]
[0, 0, 0.215, 15, 3743196905122162283, 0, 300, 8174710000356079459, 0.043, 600, -5179246167067748638, 0.043, 600, 6026041416608648880, 0.043, 600, 1270857238842264533, 0.043, 500, -8730995938504538423, 0.043, 30, -8495213835456486892, 0]
[0, 0, 0.215, 15, 2235876560492493570, 0, 300, 8174710000356079459, 0.043, 600, -5179246167067748638, 0.043, 600, 6026041416608648880, 0.043, 600, 1270857238842264533, 0.043, 500, -8730995938504538423, 0.043, 30, -8495213835456486892, 0]
[0, 0, 0.215, 15, 6124432838111552196, 0, 300, 2255264074277314088, 0.043, 600, -2928368804382469807, 0.043, 600, -2693948663486136702, 0.043, 500, -635856145640555751, 0.043, 600, 8383474330172353159, 0.043, 30, -4878274056592686953, 0]
[0, 0, 0.191, 15, 3743196905122162283, 0, 400, 1699870514766304190, 0.054, 600, 2224609178557018124, 0.137, 30, -4015366669337042789, 0]
[0, 0, 0.191, 15, 2235876560492493570, 0, 400, 1699870514766304190, 0.054, 600, 2224609178557018124, 0.137, 30, -4015366669337042789, 0]
[0, 0, 0.188, 15, -6091896507122522004, 0, 400, 8464022364891149828, 0.052, 600, 2224609178557018124, 0.136, 30, -4015366669337042789, 0]
[0, 0, 0.187, 15, -5754777763536516077, 0, 400, 8464022364891149828, 0.051, 600, 2224609178557018124, 0.136, 30, 1892196328009865759, 0]
[0, 0, 0.187, 15, -5754777763536516077, 0, 400, 8464022364891149828, 0.051, 600, 2224609178557018124, 0.136, 30, -4015366669337042789, 0]
[0, 0, 0.187, 15, -3873206755200411578, 0, 300, 6928425023610417219, 0.051, 600, 60791824880682448, 0.136, 30, 974484604666647233, 0]
[0, 0, 0.185, 15, 6124432838111552196, 0, 400, 6096035810428915712, 0.049, 600, 9059347749911902210, 0.136, 30, 5135096533763026692, 0]
[0, 0, 0.183, 15, 8507789888021389395, 0, 300, 2255264074277314088, 0.043, 600, -806854920926299123, 0.043, 400, -4135814218864978133, 0.043, 500, 3114614862211501678, 0.054, 30, 4502413917450243336, 0]
[0, 0, 0.183, 15, 8495885170291999463, 0, 300, 2255264074277314088, 0.043, 600, -806854920926299123, 0.043, 400, -4135814218864978133, 0.043, 500, 3114614862211501678, 0.054, 30, 4502413917450243336, 0]
[0, 0, 0.183, 15, 5415471867959840921, 0, 300, 5767996467845280338, 0.043, 600, -806854920926299123, 0.043, 400, -4135814218864978133, 0.043, 500, 3114614862211501678, 0.054, 30, 4502413917450243336, 0]
[0, 0, 0.172, 15, -6708173777359198665, 0, 400, -1898666995183782194, 0.043, 600, -2809090566615310320, 0.043, 500, -8532098743580980635, 0.043, 600, 45041731149090149, 0.043, 30, -50953453234453343, 0]
[0, 0, 0.172, 15, -654390524944600601, 0, 400, -1898666995183782194, 0.043, 600, -2809090566615310320, 0.043, 500, -8532098743580980635, 0.043, 600, 45041731149090149, 0.043, 30, -50953453234453343, 0]
[0, 0, 0.172, 15, -654390524944600601, 0, 400, -1898666995183782194, 0.043, 600, -2809090566615310320, 0.043, 500, -8532098743580980635, 0.043, 600, -3918915475950693408, 0.043, 30, 5434877225655076227, 0]
[0, 0, 0.172, 15, 2397080945034785517, 0, 400, -1898666995183782194, 0.043, 600, -2809090566615310320, 0.043, 500, -8532098743580980635, 0.043, 600, 45041731149090149, 0.043, 30, -50953453234453343, 0]
[0, 0, 0.172, 15, 2397080945034785517, 0, 400, -1898666995183782194, 0.043, 600, -2809090566615310320, 0.043, 500, -8532098743580980635, 0.043, 600, -3918915475950693408, 0.043, 30, 5434877225655076227, 0]
[0, 0, 0.172, 15, -3625186842953750147, 0, 400, 6511806427761972343, 0.043, 600, -2025587683049865978, 0.043, 500, 114854310971068019, 0.043, 600, 1517939191021688028, 0.043, 30, 223589108515920968, 0]
[0, 0, 0.172, 15, 1189795454940763098, 0, 400, 6511806427761972343, 0.043, 600, -2025587683049865978, 0.043, 500, 114854310971068019, 0.043, 600, 1517939191021688028, 0.043, 30, 223589108515920968, 0]
[0, 0, 0.172, 15, -1810040483467937849, 0, 600, -808390582113352452, 0.043, 600, 2118240753861281808, 0.043, 600, -2693948663486136702, 0.043, 600, 7560709185878683266, 0.043, 30, 4542492663680140945, 0]
[0, 0, 0.172, 15, 8507789888021389395, 0, 300, 2255264074277314088, 0.043, 600, -2928368804382469807, 0.043, 600, -2693948663486136702, 0.043, 600, 7560709185878683266, 0.043, 30, 4542492663680140945, 0]
[0, 0, 0.172, 15, 6124432838111552196, 0, 300, 2255264074277314088, 0.043, 600, -2928368804382469807, 0.043, 600, -2693948663486136702, 0.043, 600, 7560709185878683266, 0.043, 30, 2239209548867431734, 0]
[0, 0, 0.172, 15, -1810040483467937849, 0, 600, -808390582113352452, 0.043, 600, 2118240753861281808, 0.043, 600, -2693948663486136702, 0.043, 600, 7560709185878683266, 0.043, 30, 2239209548867431734, 0]
[0, 0, 0.172, 15, 8507789888021389395, 0, 300, 2255264074277314088, 0.043, 600, -2928368804382469807, 0.043, 600, -2693948663486136702, 0.043, 600, 7560709185878683266, 0.043, 30, 2239209548867431734, 0]
[0, 0, 0.172, 15, 3537749709761631847, 0, 300, -695667830428500034, 0.043, 600, -5289556933627430506, 0.043, 400, -8967577306310654647, 0.043, 600, 7560709185878683266, 0.043, 30, 2239209548867431734, 0]
[0, 0, 0.172, 15, -6708173777359198665, 0, 400, -1898666995183782194, 0.043, 600, -2809090566615310320, 0.043, 500, -8532098743580980635, 0.043, 500, -8989384400789659246, 0.043, 30, -556901807893657815, 0]
[0, 0, 0.172, 15, -654390524944600601, 0, 400, -1898666995183782194, 0.043, 600, -2809090566615310320, 0.043, 500, -8532098743580980635, 0.043, 500, -8989384400789659246, 0.043, 30, -556901807893657815, 0]
[0, 0, 0.172, 15, -6708173777359198665, 0, 400, -1898666995183782194, 0.043, 600, -2809090566615310320, 0.043, 500, -8532098743580980635, 0.043, 500, -4483163135264587407, 0.043, 30, -5024484456271174588, 0]
[0, 0, 0.172, 15, -3625186842953750147, 0, 400, 6511806427761972343, 0.043, 600, -2025587683049865978, 0.043, 500, 114854310971068019, 0.043, 600, 3277785797650841900, 0.043, 30, -3292371217854529962, 0]
[0, 0, 0.172, 15, -3625186842953750147, 0, 400, 6511806427761972343, 0.043, 600, -2025587683049865978, 0.043, 500, 114854310971068019, 0.043, 600, 2330904758983036601, 0.043, 30, -1110454654653040454, 0]
[0, 0, 0.172, 15, 1189795454940763098, 0, 400, 6511806427761972343, 0.043, 600, -2025587683049865978, 0.043, 500, 114854310971068019, 0.043, 600, 5125228929461816939, 0.043, 30, 8773625666369389998, 0]
[0, 0, 0.172, 15, 2397080945034785517, 0, 400, 6511806427761972343, 0.043, 600, -2025587683049865978, 0.043, 500, 114854310971068019, 0.043, 600, 3277785797650841900, 0.043, 30, -3292371217854529962, 0]
[0, 0, 0.172, 15, 6124432838111552196, 0, 300, 2255264074277314088, 0.043, 500, 1688490944852945191, 0.043, 500, 30030744558591971, 0.043, 600, 2330904758983036601, 0.043, 30, -1110454654653040454, 0]
[0, 0, 0.172, 15, -6708173777359198665, 0, 400, -1898666995183782194, 0.043, 600, -5485714634315894520, 0.043, 600, -7858765951621651583, 0.043, 200, 6268158977607409393, 0.043, 30, -7021058917036669936, 0]
[0, 0, 0.172, 15, 8507789888021389395, 0, 300, 2255264074277314088, 0.043, 500, 1688490944852945191, 0.043, 500, 30030744558591971, 0.043, 600, 2330904758983036601, 0.043, 30, -1110454654653040454, 0]
[0, 0, 0.172, 15, 6124432838111552196, 0, 300, 2255264074277314088, 0.043, 500, 1688490944852945191, 0.043, 500, 30030744558591971, 0.043, 600, 5125228929461816939, 0.043, 30, 8773625666369389998, 0]
[0, 0, 0.172, 15, -654390524944600601, 0, 400, -1898666995183782194, 0.043, 600, -5485714634315894520, 0.043, 600, -7858765951621651583, 0.043, 200, 6268158977607409393, 0.043, 30, -7021058917036669936, 0]
[0, 0, 0.129, 15, 3723241220545904297, 0, 600, -5559887738077106092, 0.043, 500, -8532098743580980635, 0.043, 600, -3918915475950693408, 0.043, 30, 5434877225655076227, 0]
[0, 0, 0.129, 15, -3172422678992116659, 0, 600, -5559887738077106092, 0.043, 500, -8532098743580980635, 0.043, 600, -3918915475950693408, 0.043, 30, 5434877225655076227, 0]
[0, 0, 0.129, 15, 3743196905122162283, 0, 300, 8174710000356079459, 0.043, 600, -2020474427393223061, 0.043, 500, -4354771386652921490, 0.043, 30, 4710254855512410482, 0]
[0, 0, 0.129, 15, 9184513017114560960, 0, 600, -5559887738077106092, 0.043, 500, -8532098743580980635, 0.043, 600, 45041731149090149, 0.043, 30, -50953453234453343, 0]
[0, 0, 0.129, 15, 9184513017114560960, 0, 600, -5559887738077106092, 0.043, 500, -8532098743580980635, 0.043, 600, -3918915475950693408, 0.043, 30, 5434877225655076227, 0]
[0, 0, 0.129, 15, -1743518059593922205, 0, 600, -5022935038701870789, 0.043, 600, -8179644602467263108, 0.043, 600, 7478557251105690895, 0.043, 30, -4730232209455065901, 0]
[0, 0, 0.129, 15, -6091896507122522004, 0, 300, 1087904816048691702, 0.043, 600, 1588032077832035819, 0.043, 600, -2020474427393223061, 0.043, 30, 1262165177568749956, 0]
[0, 0, 0.129, 15, -6510754667492846453, 0, 300, 5534064025694697638, 0.043, 600, 1231069548537846073, 0.043, 600, 7478557251105690895, 0.043, 30, -4730232209455065901, 0]
[0, 0, 0.129, 15, 2397080945034785517, 0, 400, 5345731509170331400, 0.043, 600, -8179644602467263108, 0.043, 600, 7478557251105690895, 0.043, 30, -4730232209455065901, 0]
[0, 0, 0.129, 15, -5754777763536516077, 0, 300, 1087904816048691702, 0.043, 600, 1588032077832035819, 0.043, 600, -2020474427393223061, 0.043, 30, 1262165177568749956, 0]
[0, 0, 0.129, 15, -1743518059593922205, 0, 600, -5022935038701870789, 0.043, 600, -8179644602467263108, 0.043, 600, -7844179323965720411, 0.043, 30, 2865721339162707935, 0]
[0, 0, 0.129, 15, -2413987350418395185, 0, 300, -7155044415038057046, 0.043, 600, -5868782060274581996, 0.043, 600, -2020474427393223061, 0.043, 30, 1262165177568749956, 0]
[0, 0, 0.129, 15, 3723241220545904297, 0, 600, -5559887738077106092, 0.043, 500, -8532098743580980635, 0.043, 500, -8989384400789659246, 0.043, 30, -556901807893657815, 0]
[0, 0, 0.129, 15, -3172422678992116659, 0, 600, -5559887738077106092, 0.043, 500, -8532098743580980635, 0.043, 500, -8989384400789659246, 0.043, 30, -556901807893657815, 0]
[0, 0, 0.129, 15, -6708173777359198665, 0, 400, -1898666995183782194, 0.043, 600, -2809090566615310320, 0.043, 500, -8532098743580980635, 0.043, 30, 8353705749476110641, 0]
[0, 0, 0.129, 15, -4433734019052083082, 0, 600, -4907951078983212081, 0.043, 400, 6140180596000421309, 0.043, 600, -1155610079133019710, 0.043, 30, -1010333683001606749, 0]
[0, 0, 0.129, 15, -654390524944600601, 0, 600, -5559887738077106092, 0.043, 500, -8532098743580980635, 0.043, 500, -8989384400789659246, 0.043, 30, -556901807893657815, 0]
[0, 0, 0.129, 15, 9184513017114560960, 0, 600, -5559887738077106092, 0.043, 500, -8532098743580980635, 0.043, 500, -8989384400789659246, 0.043, 30, -556901807893657815, 0]
[0, 0, 0.129, 15, -654390524944600601, 0, 600, -5559887738077106092, 0.043, 500, -8532098743580980635, 0.043, 500, -4483163135264587407, 0.043, 30, -5024484456271174588, 0]
[0, 0, 0.129, 15, 8507789888021389395, 0, 500, 7919195781987002193, 0.043, 600, -6354999865966276603, 0.043, 600, 1378491365225456377, 0.043, 30, -3274644479064536096, 0]
[0, 0, 0.129, 15, 5415471867959840921, 0, 300, 5767996467845280338, 0.043, 600, -2805179653723600443, 0.043, 600, 1378491365225456377, 0.043, 30, -3274644479064536096, 0]
[0, 0, 0.129, 15, 8507789888021389395, 0, 300, 5767996467845280338, 0.043, 600, -2805179653723600443, 0.043, 600, 1378491365225456377, 0.043, 30, -3274644479064536096, 0]
[0, 0, 0.129, 15, 3743196905122162283, 0, 600, -2736880858727779935, 0.043, 600, 5469306970589602549, 0.043, 400, 6546277847076516226, 0.043, 30, 9005962255572836379, 0]
[0, 0, 0.129, 15, 8914537117573032063, 0, 500, 7919195781987002193, 0.043, 600, -6354999865966276603, 0.043, 600, 1378491365225456377, 0.043, 30, -3274644479064536096, 0]
[0, 0, 0.129, 15, -3172422678992116659, 0, 600, -2736880858727779935, 0.043, 600, 5469306970589602549, 0.043, 400, 6546277847076516226, 0.043, 30, 9005962255572836379, 0]
[0, 0, 0.129, 15, 3723241220545904297, 0, 600, 6510797480622204274, 0.043, 600, 5469306970589602549, 0.043, 400, 6546277847076516226, 0.043, 30, 9005962255572836379, 0]
[0, 0, 0.129, 15, -3172422678992116659, 0, 600, -306550404329980013, 0.043, 600, 5469306970589602549, 0.043, 400, 6546277847076516226, 0.043, 30, 9005962255572836379, 0]
[0, 0, 0.129, 15, -3172422678992116659, 0, 600, -5022935038701870789, 0.043, 600, 5469306970589602549, 0.043, 400, 6546277847076516226, 0.043, 30, 9005962255572836379, 0]
[0, 0, 0.129, 15, -3172422678992116659, 0, 600, 8437178311058154800, 0.043, 600, 5469306970589602549, 0.043, 400, 6546277847076516226, 0.043, 30, 9005962255572836379, 0]
[0, 0, 0.129, 15, 2222690104462789422, 0, 400, 5345731509170331400, 0.043, 600, -8179644602467263108, 0.043, 600, 3221810375219026758, 0.043, 30, -2947996049064177343, 0]
[0, 0, 0.129, 15, -3172422678992116659, 0, 600, -2832589539671427636, 0.043, 600, 5469306970589602549, 0.043, 400, 6546277847076516226, 0.043, 30, 9005962255572836379, 0]
[0, 0, 0.129, 15, 1400919487856451178, 0, 600, 8437178311058154800, 0.043, 600, 5469306970589602549, 0.043, 400, 6546277847076516226, 0.043, 30, 9005962255572836379, 0]
[0, 0, 0.129, 15, -1743518059593922205, 0, 600, -5022935038701870789, 0.043, 600, -8179644602467263108, 0.043, 600, 3221810375219026758, 0.043, 30, -2947996049064177343, 0]
[0, 0, 0.129, 15, -6510754667492846453, 0, 300, 5534064025694697638, 0.043, 600, 1231069548537846073, 0.043, 600, 3221810375219026758, 0.043, 30, -2947996049064177343, 0]
[0, 0, 0.129, 15, 2222690104462789422, 0, 400, 5345731509170331400, 0.043, 600, -8179644602467263108, 0.043, 600, 1082117270682516114, 0.043, 30, -5785296645392693919, 0]
[0, 0, 0.129, 15, -1743518059593922205, 0, 600, -5022935038701870789, 0.043, 600, -8179644602467263108, 0.043, 600, 1082117270682516114, 0.043, 30, -5785296645392693919, 0]
[0, 0, 0.129, 15, -1743518059593922205, 0, 400, 5345731509170331400, 0.043, 600, -8179644602467263108, 0.043, 600, 1082117270682516114, 0.043, 30, -5785296645392693919, 0]
[0, 0, 0.129, 15, 2397080945034785517, 0, 400, 5345731509170331400, 0.043, 600, -8179644602467263108, 0.043, 600, 1082117270682516114, 0.043, 30, -5785296645392693919, 0]
[0, 0, 0.129, 15, 3650156381257349238, 0, 300, -4929410479235185077, 0.043, 600, 1751702938925972614, 0.043, 600, 456367382360536715, 0.043, 30, -6110488734502503437, 0]
[0, 0, 0.129, 15, -1810040483467937849, 0, 600, -808390582113352452, 0.043, 600, -3079195550408509368, 0.043, 600, 60791824880682448, 0.043, 30, 974484604666647233, 0]
[0, 0, 0.129, 15, 8507789888021389395, 0, 400, 7075344968795603635, 0.043, 600, -3079195550408509368, 0.043, 600, 60791824880682448, 0.043, 30, 974484604666647233, 0]
[0, 0, 0.129, 15, 8507789888021389395, 0, 600, -808390582113352452, 0.043, 600, -3079195550408509368, 0.043, 600, 60791824880682448, 0.043, 30, 974484604666647233, 0]
[0, 0, 0.129, 15, 8507789888021389395, 0, 400, 7075344968795603635, 0.043, 600, -3079195550408509368, 0.043, 600, 60791824880682448, 0.043, 30, -8195969377678585884, 0]
[0, 0, 0.129, 15, 2170007699895525378, 0, 300, -4929410479235185077, 0.043, 600, 1751702938925972614, 0.043, 600, 456367382360536715, 0.043, 30, -6110488734502503437, 0]
[0, 0, 0.129, 15, 1265629790599224753, 0, 600, -808390582113352452, 0.043, 600, -3079195550408509368, 0.043, 600, 60791824880682448, 0.043, 30, -8195969377678585884, 0]
[0, 0, 0.129, 15, 8507789888021389395, 0, 600, -808390582113352452, 0.043, 600, -3079195550408509368, 0.043, 600, 60791824880682448, 0.043, 30, -8195969377678585884, 0]
[0, 0, 0.086, 15, -8281911551300370375, 0, 500, -8532098743580980635, 0.043, 600, 45041731149090149, 0.043, 30, -50953453234453343, 0]
[0, 0, 0.086, 15, -3690666433805562670, 0, 600, 1231069548537846073, 0.043, 600, 7478557251105690895, 0.043, 30, -4730232209455065901, 0]
[0, 0, 0.086, 15, -8139568961654629429, 0, 600, -8179644602467263108, 0.043, 600, 7478557251105690895, 0.043, 30, -4730232209455065901, 0]
[0, 0, 0.086, 15, 3743196905122162283, 0, 300, 8174710000356079459, 0.043, 600, -2020474427393223061, 0.043, 30, 1262165177568749956, 0]
[0, 0, 0.086, 15, -8139568961654629429, 0, 600, -8179644602467263108, 0.043, 600, -7844179323965720411, 0.043, 30, 2865721339162707935, 0]
[0, 0, 0.086, 15, -3172422678992116659, 0, 600, -5022935038701870789, 0.043, 600, -8179644602467263108, 0.043, 30, 2767958600664143508, 0]
[0, 0, 0.086, 15, 1365453387592325862, 0, 600, -8179644602467263108, 0.043, 600, -7844179323965720411, 0.043, 30, 2865721339162707935, 0]
[0, 0, 0.086, 15, 2222690104462789422, 0, 400, 5345731509170331400, 0.043, 600, -8179644602467263108, 0.043, 30, 2767958600664143508, 0]
[0, 0, 0.086, 15, -3172422678992116659, 0, 600, -2832589539671427636, 0.043, 500, 114854310971068019, 0.043, 30, -566758109349975962, 0]
[0, 0, 0.086, 15, -1743518059593922205, 0, 600, -5022935038701870789, 0.043, 600, -8179644602467263108, 0.043, 30, 2767958600664143508, 0]
[0, 0, 0.086, 15, -1743518059593922205, 0, 400, 5345731509170331400, 0.043, 600, -8179644602467263108, 0.043, 30, 2767958600664143508, 0]
[0, 0, 0.086, 15, 3723241220545904297, 0, 600, -5559887738077106092, 0.043, 500, -8532098743580980635, 0.043, 30, 8353705749476110641, 0]
[0, 0, 0.086, 15, -3625186842953750147, 0, 600, -2832589539671427636, 0.043, 500, 114854310971068019, 0.043, 30, -566758109349975962, 0]
[0, 0, 0.086, 15, 2397080945034785517, 0, 400, 5345731509170331400, 0.043, 600, -8179644602467263108, 0.043, 30, 2767958600664143508, 0]
[0, 0, 0.086, 15, -654390524944600601, 0, 600, -5559887738077106092, 0.043, 500, -8532098743580980635, 0.043, 30, 8353705749476110641, 0]
[0, 0, 0.086, 15, 1963051775825452415, 0, 600, -5022935038701870789, 0.043, 600, -8179644602467263108, 0.043, 30, 2767958600664143508, 0]
[0, 0, 0.086, 15, -8432874025605688326, 0, 400, 5345731509170331400, 0.043, 600, -8179644602467263108, 0.043, 30, 2767958600664143508, 0]
[0, 0, 0.086, 15, -8281911551300370375, 0, 500, -8532098743580980635, 0.043, 500, -4483163135264587407, 0.043, 30, -5024484456271174588, 0]
[0, 0, 0.086, 15, 4409945708215935020, 0, 300, 5534064025694697638, 0.043, 600, 1231069548537846073, 0.043, 30, -1962078288997572268, 0]
[0, 0, 0.086, 15, -6510754667492846453, 0, 300, 5534064025694697638, 0.043, 600, 1231069548537846073, 0.043, 30, -1962078288997572268, 0]
[0, 0, 0.086, 15, 3915265488783844946, 0, 500, -8532098743580980635, 0.043, 500, -4483163135264587407, 0.043, 30, -5024484456271174588, 0]
[0, 0, 0.086, 15, 4553010925011455219, 0, 600, -6354999865966276603, 0.043, 600, 1378491365225456377, 0.043, 30, -3274644479064536096, 0]
[0, 0, 0.086, 15, 8507789888021389395, 0, 300, 2255264074277314088, 0.043, 600, 1231069548537846073, 0.043, 30, -1962078288997572268, 0]
[0, 0, 0.086, 15, -5754777763536516077, 0, 600, 5282536220321398345, 0.043, 200, 6268158977607409393, 0.043, 30, 5239018878198658081, 0]
[0, 0, 0.086, 15, -3172422678992116659, 0, 600, -1156203187571544066, 0.043, 600, 9059347749911902210, 0.043, 30, 5135096533763026692, 0]
[0, 0, 0.086, 15, -5754777763536516077, 0, 600, 5282536220321398345, 0.043, 200, 6268158977607409393, 0.043, 30, -7021058917036669936, 0]
[0, 0, 0.086, 15, 3723241220545904297, 0, 600, -1156203187571544066, 0.043, 600, 9059347749911902210, 0.043, 30, 5135096533763026692, 0]
[0, 0, 0.086, 15, -8281911551300370375, 0, 600, -8179644602467263108, 0.043, 600, 3221810375219026758, 0.043, 30, -2947996049064177343, 0]
[0, 0, 0.086, 15, 7127299367415888256, 0, 400, 345041097838896118, 0.043, 600, 1082117270682516114, 0.043, 30, -5785296645392693919, 0]
[0, 0, 0.086, 15, -8281911551300370375, 0, 600, -8179644602467263108, 0.043, 600, 1082117270682516114, 0.043, 30, -5785296645392693919, 0]
[0, 0, 0.086, 15, 6124432838111552196, 0, 300, 5534064025694697638, 0.043, 600, 1231069548537846073, 0.043, 30, -1962078288997572268, 0]
[0, 0, 0.086, 15, -8139568961654629429, 0, 600, -8179644602467263108, 0.043, 600, 3221810375219026758, 0.043, 30, -2947996049064177343, 0]
[0, 0, 0.086, 15, -3690666433805562670, 0, 600, 1231069548537846073, 0.043, 600, 1082117270682516114, 0.043, 30, -5785296645392693919, 0]
[0, 0, 0.086, 15, 1365453387592325862, 0, 600, -8179644602467263108, 0.043, 600, 1082117270682516114, 0.043, 30, -5785296645392693919, 0]
[0, 0, 0.086, 15, 950379491707792024, 0, 600, 3633597893950033351, 0.043, 400, 183940301165842811, 0.043, 30, -2935637539814488883, 0]
[0, 0, 0.086, 15, -1732874921952262710, 0, 600, 3633597893950033351, 0.043, 400, 183940301165842811, 0.043, 30, -2935637539814488883, 0]
[0, 0, 0.086, 15, -4433734019052083082, 0, 600, -4907951078983212081, 0.043, 600, 456367382360536715, 0.043, 30, -6110488734502503437, 0]
[0, 0, 0.086, 15, 2142443157139138782, 0, 600, 3633597893950033351, 0.043, 400, 183940301165842811, 0.043, 30, -2935637539814488883, 0]
[0, 0, 0.086, 15, -4433734019052083082, 0, 600, 3563742857428296686, 0.043, 600, 456367382360536715, 0.043, 30, -6110488734502503437, 0]
[0, 0, 0.086, 15, -6510754667492846453, 0, 600, 3563742857428296686, 0.043, 600, 456367382360536715, 0.043, 30, -6110488734502503437, 0]
[0, 0, 0.052, 15, 4644789570651659828, 0, 300, 3425376932043301965, 0.052, 30, -9147416919849180734, 0]
[0, 0, 0.047, 15, 5415471867959840921, 0, 100, -1363086361434850645, 0.047, 30, -5682393276617039215, 0]
[0, 0, 0.043, 15, -8281911551300370375, 0, 500, 114854310971068019, 0.043, 30, -566758109349975962, 0]
[0, 0, 0.043, 15, -8281911551300370375, 0, 600, -8179644602467263108, 0.043, 30, 2767958600664143508, 0]
[0, 0, 0.043, 15, 6611093239022629023, 0, 600, 9059347749911902210, 0.043, 30, 5135096533763026692, 0]
[0, 0, 0.043, 15, 1365453387592325862, 0, 600, -8179644602467263108, 0.043, 30, 2767958600664143508, 0]
[0, 0, 0.043, 15, -8281911551300370375, 0, 500, -8532098743580980635, 0.043, 30, 8353705749476110641, 0]
[0, 0, 0.043, 15, -8139568961654629429, 0, 600, 1231069548537846073, 0.043, 30, -1962078288997572268, 0]
[0, 0, 0.043, 15, -1743518059593922205, 0, 500, -8259779058809226189, 0.043, 30, 5296742303618602861, 0]
[0, 0, 0.043, 15, -8139568961654629429, 0, 600, 9059347749911902210, 0.043, 30, 5135096533763026692, 0]
[0, 0, 0.043, 15, 2749610888830976252, 0, 600, 155840867006107036, 0.043, 30, -2441324559348871608, 0]
[0, 0, 0.043, 15, -5814584816025772982, 0, 500, -8259779058809226189, 0.043, 30, 5296742303618602861, 0]
[0, 0, 0.043, 15, 2749610888830976252, 0, 600, 9133949605235632938, 0.043, 30, 8912444850182654863, 0]
[0, 0, 0.043, 15, 240457543981673065, 0, 600, -4845903256259958589, 0.043, 30, 403509155429013043, 0]
[0, 0, 0.043, 15, -3144854670650225093, 0, 600, 155840867006107036, 0.043, 30, -2441324559348871608, 0]
[0, 0, 0.043, 15, 240457543981673065, 0, 300, -6853262010461401491, 0.043, 30, 4841015249238080496, 0]
[0, 0, 0.043, 15, 1583009600973454639, 0, 200, -8631470507592960393, 0.043, 30, 3223133689916133112, 0]
[0, 0, 0.043, 15, 6124432838111552196, 0, 400, 183940301165842811, 0.043, 30, -2935637539814488883, 0]
[0, 0, 0.043, 15, -2739439806226481367, 0, 200, -6521338868512002066, 0.043, 30, -3359380742587011866, 0]
[0, 0, 0.043, 15, 2749610888830976252, 0, 200, -8631470507592960393, 0.043, 30, 3223133689916133112, 0]
[0, 0, 0.043, 15, 240457543981673065, 0, 600, 9133949605235632938, 0.043, 30, 8912444850182654863, 0]
[0, 0, 0.043, 15, 2749610888830976252, 0, 600, 5998702645488717451, 0.043, 30, -4529203947863330438, 0]
[0, 0, 0.043, 15, 6392282426989889991, 0, 500, -9002700619827561094, 0.043, 30, -1709015031486513835, 0]
[0, 0, 0.043, 15, -6089421430375645012, 0, 600, 9133949605235632938, 0.043, 30, 8912444850182654863, 0]
[0, 0, 0.043, 15, -8159901825322269765, 0, 600, 5998702645488717451, 0.043, 30, -4529203947863330438, 0]
[0, 0, 0.043, 15, 1250582040299681341, 0, 600, 5998702645488717451, 0.043, 30, -4529203947863330438, 0]
[0, 0, 0.043, 15, 436992830202212086, 0, 500, -277169794681234257, 0.043, 30, 917460112326598812, 0]
[0, 0, 0.043, 15, -8690925552746379417, 0, 600, 155840867006107036, 0.043, 30, -2441324559348871608, 0]
[0, 0, 0.043, 15, -8690925552746379417, 0, 500, -9002700619827561094, 0.043, 30, -1709015031486513835, 0]
[0, 0, 0.043, 15, -247781434249861447, 0, 200, 2025016295725425882, 0.043, 30, -4981569693862309365, 0]
[0, 0, 0.043, 15, -6118617569752711955, 0, 100, -3040831069785406541, 0.043, 30, 5556910333832298205, 0]
[0, 0, 0.043, 15, -8690925552746379417, 0, 600, -4845903256259958589, 0.043, 30, 403509155429013043, 0]
[0, 0, 0.043, 15, -2156179950321922559, 0, 600, 155840867006107036, 0.043, 30, -2441324559348871608, 0]
[0, 0, 0.043, 15, -8690925552746379417, 0, 600, 9133949605235632938, 0.043, 30, 8912444850182654863, 0]
[0, 0, 0.043, 15, -5434320677341130513, 0, 200, -6607387393368649923, 0.043, 30, -1813471457630736673, 0]
[0, 0, 0.043, 15, -8690925552746379417, 0, 600, 5998702645488717451, 0.043, 30, -4529203947863330438, 0]
[0, 0, 0.043, 15, -1781877849152114545, 0, 100, 1352525514329109129, 0.043, 30, -3426181932008679473, 0]
[0, 0, 0.043, 15, -1781877849152114545, 0, 100, 1352525514329109129, 0.043, 30, 6334181047989236607, 0]
[0, 0, 0.043, 15, -1781877849152114545, 0, 100, 1352525514329109129, 0.043, 30, 8013616611213062153, 0]
[0, 0, 0.043, 15, 76278076546081000, 0, 600, -4845903256259958589, 0.043, 30, 403509155429013043, 0]
[0, 0, 0.043, 15, 1158607052978940637, 0, 600, -4845903256259958589, 0.043, 30, 403509155429013043, 0]
[0, 0, 0.043, 15, -7678505125981225885, 0, 100, 8195370046329409572, 0.043, 30, 2898751483618138627, 0]
[0, 0, 0.043, 15, -4985232773514109286, 0, 300, -6853262010461401491, 0.043, 30, 4841015249238080496, 0]
[0, 0, 0, 15, 2170007699895525378, 0, 30, 6863452734532635142, 0]
[0, 0, 0, 15, 2749610888830976252, 0, 30, 1985271926313634602, 0]
[0, 0, 0, 15, 8914537117573032063, 0, 30, -3973371749351570722, 0]
[0, 0, 0, 15, 8914537117573032063, 0, 30, -2607223802557911481, 0]
[0, 0, 0, 15, -2739439806226481367, 0, 30, -519896608764098267, 0]
[0, 0, 0, 15, -2739439806226481367, 0, 30, 6530197326179816012, 0]
[0, 0, 0, 15, -2529804186476520462, 0, 30, 8569695441283122562, 0]
[0, 0, 0, 15, 1078825859309199825, 0, 30, -5058106755920531373, 0]
