[0, 0, 0.804, 15, 2032380446875279412, 0, 600, -5206743909892900475, 0.043, 400, -1673948257767331151, 0.051, 600, 3381332465885819534, 0.136, 600, -4894839443001033193, 0.043, 600, 4869183993928425144, 0.043, 600, -8688476823852481428, 0.043, 600, -68369694722717582, 0.043, 600, 5552176456553904798, 0.043, 600, -341527457590224416, 0.043, 400, -4832934882238217637, 0.051, 600, -4109602547728429452, 0.136, 600, 3318419111798690960, 0.043, 600, 4629062969988375652, 0.043, 600, -4968346846203008136, 0.043, 30, 5767050024807083785, 0]
[0, 0, 0.799, 15, 2032380446875279412, 0, 600, -9193875583913284367, 0.043, 400, -2289306526242714260, 0.047, 600, 4116912851319405478, 0.134, 600, 3747476542289390616, 0.043, 600, -3568090002621900296, 0.043, 600, -8224840384290499830, 0.043, 600, 7460823623558119514, 0.043, 600, -1740819582190689386, 0.043, 600, -7490835597088102598, 0.043, 400, -4832934882238217637, 0.052, 600, -4109602547728429452, 0.136, 600, 3318419111798690960, 0.043, 600, 4629062969988375652, 0.043, 600, -4968346846203008136, 0.043, 30, 5767050024807083785, 0]
[0, 0, 0.798, 15, 2032380446875279412, 0, 600, -9193875583913284367, 0.043, 400, -2289306526242714260, 0.047, 600, 4116912851319405478, 0.134, 600, 3747476542289390616, 0.043, 600, -3568090002621900296, 0.043, 600, 1849394508416886760, 0.043, 600, -68369694722717582, 0.043, 600, 5552176456553904798, 0.043, 600, -341527457590224416, 0.043, 400, -4832934882238217637, 0.051, 600, -4109602547728429452, 0.136, 600, 3318419111798690960, 0.043, 600, 4629062969988375652, 0.043, 600, -4968346846203008136, 0.043, 30, 5767050024807083785, 0]
[0, 0, 0.798, 15, 2032380446875279412, 0, 600, -9193875583913284367, 0.043, 400, -2289306526242714260, 0.047, 600, 4116912851319405478, 0.134, 600, 3747476542289390616, 0.043, 600, 7784242793488991540, 0.043, 600, -3188730647513774272, 0.043, 600, -68369694722717582, 0.043, 600, 5552176456553904798, 0.043, 600, -341527457590224416, 0.043, 400, -4832934882238217637, 0.051, 600, -4109602547728429452, 0.136, 600, 3318419111798690960, 0.043, 600, 4629062969988375652, 0.043, 600, -4968346846203008136, 0.043, 30, 5767050024807083785, 0]
[0, 0, 0.798, 15, 2032380446875279412, 0, 600, -9193875583913284367, 0.043, 400, -2289306526242714260, 0.047, 600, 4116912851319405478, 0.134, 600, 3747476542289390616, 0.043, 600, -3568090002621900296, 0.043, 600, 5280865651154613260, 0.043, 600, 4126022048605003338, 0.043, 600, 5552176456553904798, 0.043, 600, -341527457590224416, 0.043, 400, -4832934882238217637, 0.051, 600, -4109602547728429452, 0.136, 600, 3318419111798690960, 0.043, 600, 4629062969988375652, 0.043, 600, -4968346846203008136, 0.043, 30, 5767050024807083785, 0]
[0, 0, 0.798, 15, 2032380446875279412, 0, 600, -9193875583913284367, 0.043, 400, -2289306526242714260, 0.047, 600, 5716402507574016650, 0.134, 600, 4162229587757598157, 0.043, 600, 4869183993928425144, 0.043, 600, -8688476823852481428, 0.043, 600, -68369694722717582, 0.043, 600, 5552176456553904798, 0.043, 600, -341527457590224416, 0.043, 400, -4832934882238217637, 0.051, 600, -4109602547728429452, 0.136, 600, 3318419111798690960, 0.043, 600, 4629062969988375652, 0.043, 600, -4968346846203008136, 0.043, 30, 5767050024807083785, 0]
[0, 0, 0.791, 15, 2032380446875279412, 0, 600, -9193875583913284367, 0.043, 400, -2289306526242714260, 0.047, 600, 4116912851319405478, 0.134, 600, 3747476542289390616, 0.043, 600, -3568090002621900296, 0.043, 600, 1849394508416886760, 0.043, 600, -68369694722717582, 0.043, 600, 5552176456553904798, 0.043, 600, -341527457590224416, 0.043, 600, 3728573301570941246, 0.043, 600, 1038808557598961629, 0.043, 600, -1669791186205659999, 0.043, 600, 419208093974233890, 0.043, 600, -5766601790229604511, 0.043, 600, -3074575204793238077, 0.043, 400, 3062641917736251003, 0.051, 30, 518743129973635927, 0]
[0, 0, 0.791, 15, 2032380446875279412, 0, 600, -9193875583913284367, 0.043, 400, -2289306526242714260, 0.047, 600, 4116912851319405478, 0.134, 600, 3747476542289390616, 0.043, 600, 7784242793488991540, 0.043, 600, -3188730647513774272, 0.043, 600, -68369694722717582, 0.043, 600, 5552176456553904798, 0.043, 600, -341527457590224416, 0.043, 600, 3728573301570941246, 0.043, 600, 1038808557598961629, 0.043, 600, -1669791186205659999, 0.043, 600, 419208093974233890, 0.043, 600, -5766601790229604511, 0.043, 600, -3074575204793238077, 0.043, 400, 3062641917736251003, 0.051, 30, 518743129973635927, 0]
[0, 0, 0.791, 15, 2032380446875279412, 0, 600, -9193875583913284367, 0.043, 400, -2289306526242714260, 0.047, 600, 4116912851319405478, 0.134, 600, 3747476542289390616, 0.043, 600, -3568090002621900296, 0.043, 600, -8224840384290499830, 0.043, 600, 7460823623558119514, 0.043, 600, -1740819582190689386, 0.043, 600, -7490835597088102598, 0.043, 600, 4094626685081116233, 0.043, 600, 1038808557598961629, 0.043, 600, -1669791186205659999, 0.043, 600, 419208093974233890, 0.043, 600, -5766601790229604511, 0.043, 600, -3074575204793238077, 0.043, 400, 3062641917736251003, 0.051, 30, 518743129973635927, 0]
[0, 0, 0.791, 15, 2032380446875279412, 0, 600, -9193875583913284367, 0.043, 400, -2289306526242714260, 0.047, 600, 4116912851319405478, 0.134, 600, 3747476542289390616, 0.043, 600, -3568090002621900296, 0.043, 600, -8224840384290499830, 0.043, 600, 7460823623558119514, 0.043, 600, 286644075770274762, 0.043, 600, 988819312186211910, 0.043, 600, 136923009071508685, 0.043, 600, 1038808557598961629, 0.043, 600, -1669791186205659999, 0.043, 600, 419208093974233890, 0.043, 600, -5766601790229604511, 0.043, 600, -3074575204793238077, 0.043, 400, 3062641917736251003, 0.051, 30, 518743129973635927, 0]
[0, 0, 0.791, 15, 2032380446875279412, 0, 600, -9193875583913284367, 0.043, 400, -2289306526242714260, 0.047, 600, 4116912851319405478, 0.134, 600, 3747476542289390616, 0.043, 600, 7784242793488991540, 0.043, 600, 4185494206541426707, 0.043, 600, 741102394525246606, 0.043, 600, -7492474321378811208, 0.043, 600, 800098115726782825, 0.043, 600, 6795145648144346596, 0.043, 600, 1038808557598961629, 0.043, 600, -1669791186205659999, 0.043, 600, 419208093974233890, 0.043, 600, -5766601790229604511, 0.043, 600, -3074575204793238077, 0.043, 400, 3062641917736251003, 0.051, 30, 518743129973635927, 0]
[0, 0, 0.783, 15, 2032380446875279412, 0, 600, -9193875583913284367, 0.043, 400, -2289306526242714260, 0.047, 600, 4116912851319405478, 0.134, 600, 3747476542289390616, 0.043, 600, -3568090002621900296, 0.043, 600, 1849394508416886760, 0.043, 600, -68369694722717582, 0.043, 600, 5552176456553904798, 0.043, 600, -341527457590224416, 0.043, 600, 3728573301570941246, 0.043, 600, 1038808557598961629, 0.043, 600, -1669791186205659999, 0.043, 600, 419208093974233890, 0.043, 600, -5766601790229604511, 0.043, 600, -3074575204793238077, 0.043, 600, -5047377819484846030, 0.043, 30, 9046764440109078988, 0]
[0, 0, 0.783, 15, 2032380446875279412, 0, 600, -9193875583913284367, 0.043, 400, -2289306526242714260, 0.047, 600, 4116912851319405478, 0.134, 600, 3747476542289390616, 0.043, 600, 7784242793488991540, 0.043, 600, -3188730647513774272, 0.043, 600, -68369694722717582, 0.043, 600, 5552176456553904798, 0.043, 600, -341527457590224416, 0.043, 600, 3728573301570941246, 0.043, 600, 1038808557598961629, 0.043, 600, -1669791186205659999, 0.043, 600, 419208093974233890, 0.043, 600, -5766601790229604511, 0.043, 600, -3074575204793238077, 0.043, 600, -5047377819484846030, 0.043, 30, 9046764440109078988, 0]
[0, 0, 0.783, 15, 2032380446875279412, 0, 600, -9193875583913284367, 0.043, 400, -2289306526242714260, 0.047, 600, 4116912851319405478, 0.134, 600, 3747476542289390616, 0.043, 600, -3568090002621900296, 0.043, 600, -8224840384290499830, 0.043, 600, 7460823623558119514, 0.043, 600, -1740819582190689386, 0.043, 600, -7490835597088102598, 0.043, 600, 4094626685081116233, 0.043, 600, 1038808557598961629, 0.043, 600, -1669791186205659999, 0.043, 600, 419208093974233890, 0.043, 600, -5766601790229604511, 0.043, 600, -3074575204793238077, 0.043, 600, -5047377819484846030, 0.043, 30, 9046764440109078988, 0]
[0, 0, 0.783, 15, 2032380446875279412, 0, 600, -9193875583913284367, 0.043, 400, -2289306526242714260, 0.047, 600, 4116912851319405478, 0.134, 600, 3747476542289390616, 0.043, 600, -3568090002621900296, 0.043, 600, -8224840384290499830, 0.043, 600, 7460823623558119514, 0.043, 600, 286644075770274762, 0.043, 600, 988819312186211910, 0.043, 600, 136923009071508685, 0.043, 600, 1038808557598961629, 0.043, 600, -1669791186205659999, 0.043, 600, 419208093974233890, 0.043, 600, -5766601790229604511, 0.043, 600, -3074575204793238077, 0.043, 600, -5047377819484846030, 0.043, 30, 9046764440109078988, 0]
[0, 0, 0.783, 15, 2032380446875279412, 0, 600, -9193875583913284367, 0.043, 400, -2289306526242714260, 0.047, 600, 4116912851319405478, 0.134, 600, 3747476542289390616, 0.043, 600, 7784242793488991540, 0.043, 600, 4185494206541426707, 0.043, 600, 741102394525246606, 0.043, 600, -7492474321378811208, 0.043, 600, 800098115726782825, 0.043, 600, 6795145648144346596, 0.043, 600, 1038808557598961629, 0.043, 600, -1669791186205659999, 0.043, 600, 419208093974233890, 0.043, 600, -5766601790229604511, 0.043, 600, -3074575204793238077, 0.043, 600, -5047377819484846030, 0.043, 30, 9046764440109078988, 0]
[0, 0, 0.783, 15, 2032380446875279412, 0, 600, -9193875583913284367, 0.043, 400, -2289306526242714260, 0.047, 600, 4116912851319405478, 0.134, 600, 3747476542289390616, 0.043, 600, -3568090002621900296, 0.043, 600, 1849394508416886760, 0.043, 600, -68369694722717582, 0.043, 600, 5552176456553904798, 0.043, 600, -341527457590224416, 0.043, 600, 3728573301570941246, 0.043, 600, 1038808557598961629, 0.043, 600, -1669791186205659999, 0.043, 600, 419208093974233890, 0.043, 600, -5766601790229604511, 0.043, 600, -3074575204793238077, 0.043, 300, 7036479748242467467, 0.043, 30, 3689003370870494074, 0]
[0, 0, 0.783, 15, 2032380446875279412, 0, 600, -9193875583913284367, 0.043, 400, -2289306526242714260, 0.047, 600, 4116912851319405478, 0.134, 600, 3747476542289390616, 0.043, 600, 7784242793488991540, 0.043, 600, -3188730647513774272, 0.043, 600, -68369694722717582, 0.043, 600, 5552176456553904798, 0.043, 600, -341527457590224416, 0.043, 600, 3728573301570941246, 0.043, 600, 1038808557598961629, 0.043, 600, -1669791186205659999, 0.043, 600, 419208093974233890, 0.043, 600, -5766601790229604511, 0.043, 600, -3074575204793238077, 0.043, 300, 7036479748242467467, 0.043, 30, 3689003370870494074, 0]
[0, 0, 0.783, 15, 2032380446875279412, 0, 600, -9193875583913284367, 0.043, 400, -2289306526242714260, 0.047, 600, 4116912851319405478, 0.134, 600, 3747476542289390616, 0.043, 600, -3568090002621900296, 0.043, 600, -8224840384290499830, 0.043, 600, 7460823623558119514, 0.043, 600, -1740819582190689386, 0.043, 600, -7490835597088102598, 0.043, 600, 4094626685081116233, 0.043, 600, 1038808557598961629, 0.043, 600, -1669791186205659999, 0.043, 600, 419208093974233890, 0.043, 600, -5766601790229604511, 0.043, 600, -3074575204793238077, 0.043, 300, 7036479748242467467, 0.043, 30, 3689003370870494074, 0]
[0, 0, 0.783, 15, 2032380446875279412, 0, 600, -9193875583913284367, 0.043, 400, -2289306526242714260, 0.047, 600, 4116912851319405478, 0.134, 600, 3747476542289390616, 0.043, 600, -3568090002621900296, 0.043, 600, -8224840384290499830, 0.043, 600, 7460823623558119514, 0.043, 600, 286644075770274762, 0.043, 600, 988819312186211910, 0.043, 600, 136923009071508685, 0.043, 600, 1038808557598961629, 0.043, 600, -1669791186205659999, 0.043, 600, 419208093974233890, 0.043, 600, -5766601790229604511, 0.043, 600, -3074575204793238077, 0.043, 300, 7036479748242467467, 0.043, 30, 3689003370870494074, 0]
[0, 0, 0.783, 15, 2032380446875279412, 0, 600, -9193875583913284367, 0.043, 400, -2289306526242714260, 0.047, 600, 4116912851319405478, 0.134, 600, 3747476542289390616, 0.043, 600, 7784242793488991540, 0.043, 600, 4185494206541426707, 0.043, 600, 741102394525246606, 0.043, 600, -7492474321378811208, 0.043, 600, 800098115726782825, 0.043, 600, 6795145648144346596, 0.043, 600, 1038808557598961629, 0.043, 600, -1669791186205659999, 0.043, 600, 419208093974233890, 0.043, 600, -5766601790229604511, 0.043, 600, -3074575204793238077, 0.043, 300, 7036479748242467467, 0.043, 30, 3689003370870494074, 0]
[0, 0, 0.761, 15, 2032380446875279412, 0, 600, -5206743909892900475, 0.043, 400, -1673948257767331151, 0.051, 600, 3381332465885819534, 0.136, 600, -4894839443001033193, 0.043, 600, 4869183993928425144, 0.043, 600, -8688476823852481428, 0.043, 600, -68369694722717582, 0.043, 600, 5552176456553904798, 0.043, 600, -341527457590224416, 0.043, 400, -4832934882238217637, 0.051, 600, -4109602547728429452, 0.136, 600, 3318419111798690960, 0.043, 600, -3287305037189831844, 0.043, 30, -828256488169516820, 0]
[0, 0, 0.761, 15, 2032380446875279412, 0, 600, -5206743909892900475, 0.043, 400, -1673948257767331151, 0.051, 600, 3381332465885819534, 0.136, 600, -4894839443001033193, 0.043, 600, 4869183993928425144, 0.043, 600, -8688476823852481428, 0.043, 600, -68369694722717582, 0.043, 600, 5552176456553904798, 0.043, 600, -341527457590224416, 0.043, 400, -4832934882238217637, 0.051, 600, -4109602547728429452, 0.136, 500, -4839079197357884373, 0.043, 300, -455647061455741132, 0.043, 30, -1656168486010297499, 0]
[0, 0, 0.761, 15, 2032380446875279412, 0, 600, -5206743909892900475, 0.043, 400, -1673948257767331151, 0.051, 600, 3381332465885819534, 0.136, 600, -4894839443001033193, 0.043, 600, 4869183993928425144, 0.043, 600, -8688476823852481428, 0.043, 600, -68369694722717582, 0.043, 600, 5552176456553904798, 0.043, 600, -341527457590224416, 0.043, 400, -4832934882238217637, 0.051, 600, -4109602547728429452, 0.136, 600, 3318419111798690960, 0.043, 500, -4883714019549807742, 0.043, 30, -5639816138336003617, 0]
[0, 0, 0.755, 15, 2032380446875279412, 0, 600, -9193875583913284367, 0.043, 400, -2289306526242714260, 0.047, 600, 4116912851319405478, 0.134, 600, 3747476542289390616, 0.043, 600, -3568090002621900296, 0.043, 600, 1849394508416886760, 0.043, 600, -68369694722717582, 0.043, 600, 5552176456553904798, 0.043, 600, -341527457590224416, 0.043, 400, -4832934882238217637, 0.051, 600, -4109602547728429452, 0.136, 600, 3318419111798690960, 0.043, 600, -3287305037189831844, 0.043, 30, -828256488169516820, 0]
[0, 0, 0.755, 15, 2032380446875279412, 0, 600, -9193875583913284367, 0.043, 400, -2289306526242714260, 0.047, 600, 4116912851319405478, 0.134, 600, 3747476542289390616, 0.043, 600, -3568090002621900296, 0.043, 600, 1849394508416886760, 0.043, 600, -68369694722717582, 0.043, 600, 5552176456553904798, 0.043, 600, -341527457590224416, 0.043, 400, -4832934882238217637, 0.051, 600, -4109602547728429452, 0.136, 500, -4839079197357884373, 0.043, 300, -455647061455741132, 0.043, 30, -1656168486010297499, 0]
[0, 0, 0.755, 15, 2032380446875279412, 0, 600, -9193875583913284367, 0.043, 400, -2289306526242714260, 0.047, 600, 4116912851319405478, 0.134, 600, 3747476542289390616, 0.043, 600, -3568090002621900296, 0.043, 600, 5280865651154613260, 0.043, 600, 4126022048605003338, 0.043, 600, 5552176456553904798, 0.043, 600, -341527457590224416, 0.043, 400, -4832934882238217637, 0.051, 600, -4109602547728429452, 0.136, 600, 3318419111798690960, 0.043, 600, -3287305037189831844, 0.043, 30, -828256488169516820, 0]
[0, 0, 0.755, 15, 2032380446875279412, 0, 600, -9193875583913284367, 0.043, 400, -2289306526242714260, 0.047, 600, 5716402507574016650, 0.134, 600, 4162229587757598157, 0.043, 600, 4869183993928425144, 0.043, 600, -8688476823852481428, 0.043, 600, -68369694722717582, 0.043, 600, 5552176456553904798, 0.043, 600, -341527457590224416, 0.043, 400, -4832934882238217637, 0.051, 600, -4109602547728429452, 0.136, 600, 3318419111798690960, 0.043, 600, -3287305037189831844, 0.043, 30, -828256488169516820, 0]
[0, 0, 0.755, 15, 2032380446875279412, 0, 600, -9193875583913284367, 0.043, 400, -2289306526242714260, 0.047, 600, 4116912851319405478, 0.134, 600, 3747476542289390616, 0.043, 600, -3568090002621900296, 0.043, 600, 5280865651154613260, 0.043, 600, 4126022048605003338, 0.043, 600, 5552176456553904798, 0.043, 600, -341527457590224416, 0.043, 400, -4832934882238217637, 0.051, 600, -4109602547728429452, 0.136, 500, -4839079197357884373, 0.043, 300, -455647061455741132, 0.043, 30, -1656168486010297499, 0]
[0, 0, 0.755, 15, 2032380446875279412, 0, 600, -9193875583913284367, 0.043, 400, -2289306526242714260, 0.047, 600, 5716402507574016650, 0.134, 600, 4162229587757598157, 0.043, 600, 4869183993928425144, 0.043, 600, -8688476823852481428, 0.043, 600, -68369694722717582, 0.043, 600, 5552176456553904798, 0.043, 600, -341527457590224416, 0.043, 400, -4832934882238217637, 0.051, 600, -4109602547728429452, 0.136, 500, -4839079197357884373, 0.043, 300, -455647061455741132, 0.043, 30, -1656168486010297499, 0]
[0, 0, 0.755, 15, 2032380446875279412, 0, 600, -9193875583913284367, 0.043, 400, -2289306526242714260, 0.047, 600, 4116912851319405478, 0.134, 600, 3747476542289390616, 0.043, 600, -3568090002621900296, 0.043, 600, 1849394508416886760, 0.043, 600, -68369694722717582, 0.043, 600, 5552176456553904798, 0.043, 600, -341527457590224416, 0.043, 400, -4832934882238217637, 0.051, 600, -4109602547728429452, 0.136, 600, 3318419111798690960, 0.043, 500, -4883714019549807742, 0.043, 30, -5639816138336003617, 0]
[0, 0, 0.755, 15, 2032380446875279412, 0, 600, -9193875583913284367, 0.043, 400, -2289306526242714260, 0.047, 600, 4116912851319405478, 0.134, 600, 3747476542289390616, 0.043, 600, -3568090002621900296, 0.043, 600, 5280865651154613260, 0.043, 600, 4126022048605003338, 0.043, 600, 5552176456553904798, 0.043, 600, -341527457590224416, 0.043, 400, -4832934882238217637, 0.051, 600, -4109602547728429452, 0.136, 600, 3318419111798690960, 0.043, 500, -4883714019549807742, 0.043, 30, -5639816138336003617, 0]
[0, 0, 0.755, 15, 2032380446875279412, 0, 600, -9193875583913284367, 0.043, 400, -2289306526242714260, 0.047, 600, 5716402507574016650, 0.134, 600, 4162229587757598157, 0.043, 600, 4869183993928425144, 0.043, 600, -8688476823852481428, 0.043, 600, -68369694722717582, 0.043, 600, 5552176456553904798, 0.043, 600, -341527457590224416, 0.043, 400, -4832934882238217637, 0.051, 600, -4109602547728429452, 0.136, 600, 3318419111798690960, 0.043, 500, -4883714019549807742, 0.043, 30, -5639816138336003617, 0]
[0, 0, 0.74, 15, 2032380446875279412, 0, 600, -9193875583913284367, 0.043, 400, -2289306526242714260, 0.047, 600, 4116912851319405478, 0.134, 600, 3747476542289390616, 0.043, 600, -3568090002621900296, 0.043, 600, 1849394508416886760, 0.043, 600, -68369694722717582, 0.043, 600, 5552176456553904798, 0.043, 600, -341527457590224416, 0.043, 600, 3728573301570941246, 0.043, 600, 1038808557598961629, 0.043, 600, -1669791186205659999, 0.043, 600, 419208093974233890, 0.043, 600, -5766601790229604511, 0.043, 400, -8246752111153831748, 0.043, 30, -8434013450434388631, 0]
[0, 0, 0.74, 15, 2032380446875279412, 0, 600, -9193875583913284367, 0.043, 400, -2289306526242714260, 0.047, 600, 4116912851319405478, 0.134, 600, 3747476542289390616, 0.043, 600, 7784242793488991540, 0.043, 600, -3188730647513774272, 0.043, 600, -68369694722717582, 0.043, 600, 5552176456553904798, 0.043, 600, -341527457590224416, 0.043, 600, 3728573301570941246, 0.043, 600, 1038808557598961629, 0.043, 600, -1669791186205659999, 0.043, 600, 419208093974233890, 0.043, 600, -5766601790229604511, 0.043, 400, -8246752111153831748, 0.043, 30, -8434013450434388631, 0]
[0, 0, 0.74, 15, 2032380446875279412, 0, 600, -9193875583913284367, 0.043, 400, -2289306526242714260, 0.047, 600, 4116912851319405478, 0.134, 600, 3747476542289390616, 0.043, 600, -3568090002621900296, 0.043, 600, -8224840384290499830, 0.043, 600, 7460823623558119514, 0.043, 600, -1740819582190689386, 0.043, 600, -7490835597088102598, 0.043, 600, 4094626685081116233, 0.043, 600, 1038808557598961629, 0.043, 600, -1669791186205659999, 0.043, 600, 419208093974233890, 0.043, 600, -5766601790229604511, 0.043, 400, -8246752111153831748, 0.043, 30, -8434013450434388631, 0]
[0, 0, 0.74, 15, 2032380446875279412, 0, 600, -9193875583913284367, 0.043, 400, -2289306526242714260, 0.047, 600, 4116912851319405478, 0.134, 600, 3747476542289390616, 0.043, 600, -3568090002621900296, 0.043, 600, -8224840384290499830, 0.043, 600, 7460823623558119514, 0.043, 600, 286644075770274762, 0.043, 600, 988819312186211910, 0.043, 600, 136923009071508685, 0.043, 600, 1038808557598961629, 0.043, 600, -1669791186205659999, 0.043, 600, 419208093974233890, 0.043, 600, -5766601790229604511, 0.043, 400, -8246752111153831748, 0.043, 30, -8434013450434388631, 0]
[0, 0, 0.74, 15, 2032380446875279412, 0, 600, -9193875583913284367, 0.043, 400, -2289306526242714260, 0.047, 600, 4116912851319405478, 0.134, 600, 3747476542289390616, 0.043, 600, 7784242793488991540, 0.043, 600, 4185494206541426707, 0.043, 600, 741102394525246606, 0.043, 600, -7492474321378811208, 0.043, 600, 800098115726782825, 0.043, 600, 6795145648144346596, 0.043, 600, 1038808557598961629, 0.043, 600, -1669791186205659999, 0.043, 600, 419208093974233890, 0.043, 600, -5766601790229604511, 0.043, 400, -8246752111153831748, 0.043, 30, -8434013450434388631, 0]
[0, 0, 0.74, 15, 2032380446875279412, 0, 600, -9193875583913284367, 0.043, 400, -2289306526242714260, 0.047, 600, 4116912851319405478, 0.134, 600, 3747476542289390616, 0.043, 600, -3568090002621900296, 0.043, 600, 1849394508416886760, 0.043, 600, -68369694722717582, 0.043, 600, 5552176456553904798, 0.043, 600, -341527457590224416, 0.043, 600, 3728573301570941246, 0.043, 600, 1038808557598961629, 0.043, 600, -1669791186205659999, 0.043, 600, 419208093974233890, 0.043, 600, -3006958571761964669, 0.043, 200, -3636036629027434080, 0.043, 30, 8628873588151046770, 0]
[0, 0, 0.74, 15, 2032380446875279412, 0, 600, -9193875583913284367, 0.043, 400, -2289306526242714260, 0.047, 600, 4116912851319405478, 0.134, 600, 3747476542289390616, 0.043, 600, 7784242793488991540, 0.043, 600, -3188730647513774272, 0.043, 600, -68369694722717582, 0.043, 600, 5552176456553904798, 0.043, 600, -341527457590224416, 0.043, 600, 3728573301570941246, 0.043, 600, 1038808557598961629, 0.043, 600, -1669791186205659999, 0.043, 600, 419208093974233890, 0.043, 600, -3006958571761964669, 0.043, 200, -3636036629027434080, 0.043, 30, 8628873588151046770, 0]
[0, 0, 0.74, 15, 2032380446875279412, 0, 600, -9193875583913284367, 0.043, 400, -2289306526242714260, 0.047, 600, 4116912851319405478, 0.134, 600, 3747476542289390616, 0.043, 600, -3568090002621900296, 0.043, 600, -8224840384290499830, 0.043, 600, 7460823623558119514, 0.043, 600, -1740819582190689386, 0.043, 600, -7490835597088102598, 0.043, 600, 4094626685081116233, 0.043, 600, 1038808557598961629, 0.043, 600, -1669791186205659999, 0.043, 600, 419208093974233890, 0.043, 600, -3006958571761964669, 0.043, 200, -3636036629027434080, 0.043, 30, 8628873588151046770, 0]
[0, 0, 0.74, 15, 2032380446875279412, 0, 600, -9193875583913284367, 0.043, 400, -2289306526242714260, 0.047, 600, 4116912851319405478, 0.134, 600, 3747476542289390616, 0.043, 600, -3568090002621900296, 0.043, 600, -8224840384290499830, 0.043, 600, 7460823623558119514, 0.043, 600, 286644075770274762, 0.043, 600, 988819312186211910, 0.043, 600, 136923009071508685, 0.043, 600, 1038808557598961629, 0.043, 600, -1669791186205659999, 0.043, 600, 419208093974233890, 0.043, 600, -3006958571761964669, 0.043, 200, -3636036629027434080, 0.043, 30, 8628873588151046770, 0]
[0, 0, 0.74, 15, 2032380446875279412, 0, 600, -9193875583913284367, 0.043, 400, -2289306526242714260, 0.047, 600, 4116912851319405478, 0.134, 600, 3747476542289390616, 0.043, 600, 7784242793488991540, 0.043, 600, 4185494206541426707, 0.043, 600, 741102394525246606, 0.043, 600, -7492474321378811208, 0.043, 600, 800098115726782825, 0.043, 600, 6795145648144346596, 0.043, 600, 1038808557598961629, 0.043, 600, -1669791186205659999, 0.043, 600, 419208093974233890, 0.043, 600, -3006958571761964669, 0.043, 200, -3636036629027434080, 0.043, 30, 8628873588151046770, 0]
[0, 0, 0.74, 15, 2032380446875279412, 0, 600, -9193875583913284367, 0.043, 400, -2289306526242714260, 0.047, 600, 4116912851319405478, 0.134, 600, 3747476542289390616, 0.043, 600, -3568090002621900296, 0.043, 600, 1849394508416886760, 0.043, 600, -68369694722717582, 0.043, 600, 5552176456553904798, 0.043, 600, -341527457590224416, 0.043, 600, 3728573301570941246, 0.043, 600, 1038808557598961629, 0.043, 600, -1669791186205659999, 0.043, 600, 419208093974233890, 0.043, 600, -5766601790229604511, 0.043, 600, -861126819208436760, 0.043, 30, -8432692374220293288, 0]
[0, 0, 0.74, 15, 2032380446875279412, 0, 600, -9193875583913284367, 0.043, 400, -2289306526242714260, 0.047, 600, 4116912851319405478, 0.134, 600, 3747476542289390616, 0.043, 600, 7784242793488991540, 0.043, 600, -3188730647513774272, 0.043, 600, -68369694722717582, 0.043, 600, 5552176456553904798, 0.043, 600, -341527457590224416, 0.043, 600, 3728573301570941246, 0.043, 600, 1038808557598961629, 0.043, 600, -1669791186205659999, 0.043, 600, 419208093974233890, 0.043, 600, -5766601790229604511, 0.043, 600, -861126819208436760, 0.043, 30, -8432692374220293288, 0]
[0, 0, 0.74, 15, 2032380446875279412, 0, 600, -9193875583913284367, 0.043, 400, -2289306526242714260, 0.047, 600, 4116912851319405478, 0.134, 600, 3747476542289390616, 0.043, 600, -3568090002621900296, 0.043, 600, -8224840384290499830, 0.043, 600, 7460823623558119514, 0.043, 600, -6343854481661105642, 0.043, 600, 1583303130735543931, 0.043, 600, 6338792283649328941, 0.043, 600, 1038808557598961629, 0.043, 600, -1669791186205659999, 0.043, 600, 419208093974233890, 0.043, 600, -5766601790229604511, 0.043, 600, -861126819208436760, 0.043, 30, -8432692374220293288, 0]
[0, 0, 0.74, 15, 2032380446875279412, 0, 600, -9193875583913284367, 0.043, 400, -2289306526242714260, 0.047, 600, 4116912851319405478, 0.134, 600, 3747476542289390616, 0.043, 600, 7784242793488991540, 0.043, 600, 4185494206541426707, 0.043, 600, 741102394525246606, 0.043, 600, -7492474321378811208, 0.043, 600, 6780232423409706811, 0.043, 600, 3728573301570941246, 0.043, 600, 1038808557598961629, 0.043, 600, -1669791186205659999, 0.043, 600, 419208093974233890, 0.043, 600, -5766601790229604511, 0.043, 600, -861126819208436760, 0.043, 30, -8432692374220293288, 0]
[0, 0, 0.74, 15, 2032380446875279412, 0, 600, -9193875583913284367, 0.043, 400, -2289306526242714260, 0.047, 600, 4116912851319405478, 0.134, 600, 3747476542289390616, 0.043, 600, 7784242793488991540, 0.043, 600, 4185494206541426707, 0.043, 600, 741102394525246606, 0.043, 600, -7492474321378811208, 0.043, 600, 800098115726782825, 0.043, 600, 6795145648144346596, 0.043, 600, 1038808557598961629, 0.043, 600, -1669791186205659999, 0.043, 600, 419208093974233890, 0.043, 600, -5766601790229604511, 0.043, 600, -861126819208436760, 0.043, 30, -8432692374220293288, 0]
[0, 0, 0.726, 15, 2032380446875279412, 0, 600, -5206743909892900475, 0.043, 400, -1673948257767331151, 0.051, 600, 3381332465885819534, 0.136, 600, -4894839443001033193, 0.043, 600, 4869183993928425144, 0.043, 600, -8688476823852481428, 0.043, 600, -68369694722717582, 0.043, 600, 5552176456553904798, 0.043, 600, -341527457590224416, 0.043, 400, -4832934882238217637, 0.051, 600, -4109602547728429452, 0.136, 500, 8636414661564222828, 0.051, 30, -6834299475316926633, 0]
[0, 0, 0.721, 15, 2032380446875279412, 0, 600, -9193875583913284367, 0.043, 400, -2289306526242714260, 0.047, 600, 4116912851319405478, 0.134, 600, 3747476542289390616, 0.043, 600, -3568090002621900296, 0.043, 600, -8224840384290499830, 0.043, 600, 7460823623558119514, 0.043, 600, -1740819582190689386, 0.043, 600, -7490835597088102598, 0.043, 400, -4832934882238217637, 0.052, 600, -4109602547728429452, 0.136, 500, 8636414661564222828, 0.051, 30, -6834299475316926633, 0]
[0, 0, 0.72, 15, 2032380446875279412, 0, 600, -9193875583913284367, 0.043, 400, -2289306526242714260, 0.047, 600, 4116912851319405478, 0.134, 600, 3747476542289390616, 0.043, 600, -3568090002621900296, 0.043, 600, 1849394508416886760, 0.043, 600, -68369694722717582, 0.043, 600, 5552176456553904798, 0.043, 600, -341527457590224416, 0.043, 400, -4832934882238217637, 0.051, 600, -4109602547728429452, 0.136, 500, 8636414661564222828, 0.051, 30, -6834299475316926633, 0]
[0, 0, 0.72, 15, 2032380446875279412, 0, 600, -9193875583913284367, 0.043, 400, -2289306526242714260, 0.047, 600, 4116912851319405478, 0.134, 600, 3747476542289390616, 0.043, 600, -3568090002621900296, 0.043, 600, 5280865651154613260, 0.043, 600, 4126022048605003338, 0.043, 600, 5552176456553904798, 0.043, 600, -341527457590224416, 0.043, 400, -4832934882238217637, 0.051, 600, -4109602547728429452, 0.136, 500, 8636414661564222828, 0.051, 30, -6834299475316926633, 0]
[0, 0, 0.72, 15, 2032380446875279412, 0, 600, -9193875583913284367, 0.043, 400, -2289306526242714260, 0.047, 600, 5716402507574016650, 0.134, 600, 4162229587757598157, 0.043, 600, 4869183993928425144, 0.043, 600, -8688476823852481428, 0.043, 600, -68369694722717582, 0.043, 600, 5552176456553904798, 0.043, 600, -341527457590224416, 0.043, 400, -4832934882238217637, 0.051, 600, -4109602547728429452, 0.136, 500, 8636414661564222828, 0.051, 30, -6834299475316926633, 0]
[0, 0, 0.704, 15, 2032380446875279412, 0, 600, -9193875583913284367, 0.043, 400, -2289306526242714260, 0.047, 600, 4116912851319405478, 0.134, 600, 3747476542289390616, 0.043, 600, 7784242793488991540, 0.043, 600, -3188730647513774272, 0.043, 600, -68369694722717582, 0.043, 600, 5552176456553904798, 0.043, 600, -341527457590224416, 0.043, 600, 3728573301570941246, 0.043, 600, 1038808557598961629, 0.043, 600, -1669791186205659999, 0.043, 600, 419208093974233890, 0.043, 200, -5934789551070728989, 0.05, 30, 8449996089728388788, 0]
[0, 0, 0.704, 15, 2032380446875279412, 0, 600, -9193875583913284367, 0.043, 400, -2289306526242714260, 0.047, 600, 4116912851319405478, 0.134, 600, 3747476542289390616, 0.043, 600, -3568090002621900296, 0.043, 600, -8224840384290499830, 0.043, 600, 7460823623558119514, 0.043, 600, -1740819582190689386, 0.043, 600, -7490835597088102598, 0.043, 600, 4094626685081116233, 0.043, 600, 1038808557598961629, 0.043, 600, -1669791186205659999, 0.043, 600, 419208093974233890, 0.043, 200, -5934789551070728989, 0.05, 30, 8449996089728388788, 0]
[0, 0, 0.704, 15, 2032380446875279412, 0, 600, -9193875583913284367, 0.043, 400, -2289306526242714260, 0.047, 600, 4116912851319405478, 0.134, 600, 3747476542289390616, 0.043, 600, -3568090002621900296, 0.043, 600, -8224840384290499830, 0.043, 600, 7460823623558119514, 0.043, 600, 286644075770274762, 0.043, 600, 988819312186211910, 0.043, 600, 136923009071508685, 0.043, 600, 1038808557598961629, 0.043, 600, -1669791186205659999, 0.043, 600, 419208093974233890, 0.043, 200, -5934789551070728989, 0.05, 30, 8449996089728388788, 0]
[0, 0, 0.704, 15, 2032380446875279412, 0, 600, -9193875583913284367, 0.043, 400, -2289306526242714260, 0.047, 600, 4116912851319405478, 0.134, 600, 3747476542289390616, 0.043, 600, 7784242793488991540, 0.043, 600, 4185494206541426707, 0.043, 600, 741102394525246606, 0.043, 600, -7492474321378811208, 0.043, 600, 800098115726782825, 0.043, 600, 6795145648144346596, 0.043, 600, 1038808557598961629, 0.043, 600, -1669791186205659999, 0.043, 600, 419208093974233890, 0.043, 200, -5934789551070728989, 0.05, 30, 8449996089728388788, 0]
[0, 0, 0.697, 15, 2032380446875279412, 0, 600, -9193875583913284367, 0.043, 400, -2289306526242714260, 0.047, 600, 4116912851319405478, 0.134, 600, 3747476542289390616, 0.043, 600, -3568090002621900296, 0.043, 600, 1849394508416886760, 0.043, 600, -68369694722717582, 0.043, 600, 5552176456553904798, 0.043, 600, -341527457590224416, 0.043, 600, 3728573301570941246, 0.043, 600, 1038808557598961629, 0.043, 600, -1669791186205659999, 0.043, 600, 419208093974233890, 0.043, 500, -8993185302884647994, 0.043, 30, -3902116508786540117, 0]
[0, 0, 0.697, 15, 2032380446875279412, 0, 600, -9193875583913284367, 0.043, 400, -2289306526242714260, 0.047, 600, 4116912851319405478, 0.134, 600, 3747476542289390616, 0.043, 600, 7784242793488991540, 0.043, 600, -3188730647513774272, 0.043, 600, -68369694722717582, 0.043, 600, 5552176456553904798, 0.043, 600, -341527457590224416, 0.043, 600, 3728573301570941246, 0.043, 600, 1038808557598961629, 0.043, 600, -1669791186205659999, 0.043, 600, 419208093974233890, 0.043, 500, -8993185302884647994, 0.043, 30, -3902116508786540117, 0]
[0, 0, 0.697, 15, 2032380446875279412, 0, 600, -9193875583913284367, 0.043, 400, -2289306526242714260, 0.047, 600, 4116912851319405478, 0.134, 600, 3747476542289390616, 0.043, 600, -3568090002621900296, 0.043, 600, -8224840384290499830, 0.043, 600, 7460823623558119514, 0.043, 600, -1740819582190689386, 0.043, 600, -7490835597088102598, 0.043, 600, 4094626685081116233, 0.043, 600, 1038808557598961629, 0.043, 600, -1669791186205659999, 0.043, 600, 419208093974233890, 0.043, 500, -8993185302884647994, 0.043, 30, -3902116508786540117, 0]
[0, 0, 0.697, 15, 2032380446875279412, 0, 600, -9193875583913284367, 0.043, 400, -2289306526242714260, 0.047, 600, 4116912851319405478, 0.134, 600, 3747476542289390616, 0.043, 600, -3568090002621900296, 0.043, 600, -8224840384290499830, 0.043, 600, 7460823623558119514, 0.043, 600, 286644075770274762, 0.043, 600, 988819312186211910, 0.043, 600, 136923009071508685, 0.043, 600, 1038808557598961629, 0.043, 600, -1669791186205659999, 0.043, 600, 419208093974233890, 0.043, 500, -8993185302884647994, 0.043, 30, -3902116508786540117, 0]
[0, 0, 0.697, 15, 2032380446875279412, 0, 600, -9193875583913284367, 0.043, 400, -2289306526242714260, 0.047, 600, 4116912851319405478, 0.134, 600, 3747476542289390616, 0.043, 600, 7784242793488991540, 0.043, 600, 4185494206541426707, 0.043, 600, 741102394525246606, 0.043, 600, -7492474321378811208, 0.043, 600, 800098115726782825, 0.043, 600, 6795145648144346596, 0.043, 600, 1038808557598961629, 0.043, 600, -1669791186205659999, 0.043, 600, 419208093974233890, 0.043, 500, -8993185302884647994, 0.043, 30, -3902116508786540117, 0]
[0, 0, 0.654, 15, 2032380446875279412, 0, 600, -9193875583913284367, 0.043, 400, -2289306526242714260, 0.047, 600, 4116912851319405478, 0.134, 600, 3747476542289390616, 0.043, 600, -3568090002621900296, 0.043, 600, -8224840384290499830, 0.043, 600, 7460823623558119514, 0.043, 600, 286644075770274762, 0.043, 600, 988819312186211910, 0.043, 600, 136923009071508685, 0.043, 600, -4109602547728429452, 0.043, 600, 3318419111798690960, 0.043, 600, -3287305037189831844, 0.043, 30, -828256488169516820, 0]
[0, 0, 0.654, 15, 2032380446875279412, 0, 600, -9193875583913284367, 0.043, 400, -2289306526242714260, 0.047, 600, 4116912851319405478, 0.134, 600, 3747476542289390616, 0.043, 600, -3568090002621900296, 0.043, 600, -8224840384290499830, 0.043, 600, 7460823623558119514, 0.043, 600, 286644075770274762, 0.043, 600, 988819312186211910, 0.043, 600, 136923009071508685, 0.043, 600, -4109602547728429452, 0.043, 500, -4839079197357884373, 0.043, 300, -455647061455741132, 0.043, 30, -1656168486010297499, 0]
[0, 0, 0.654, 15, 2032380446875279412, 0, 600, -9193875583913284367, 0.043, 400, -2289306526242714260, 0.047, 600, 4116912851319405478, 0.134, 600, 3747476542289390616, 0.043, 600, -3568090002621900296, 0.043, 600, -8224840384290499830, 0.043, 600, 7460823623558119514, 0.043, 600, 286644075770274762, 0.043, 600, 988819312186211910, 0.043, 600, 136923009071508685, 0.043, 600, -4109602547728429452, 0.043, 600, 3318419111798690960, 0.043, 500, -4883714019549807742, 0.043, 30, -5639816138336003617, 0]
[0, 0, 0.627, 15, 2032380446875279412, 0, 600, -5206743909892900475, 0.043, 400, -1673948257767331151, 0.051, 600, 6044151437514597409, 0.136, 600, 4885595154255057281, 0.043, 600, 6345455565146575554, 0.043, 600, -1320042869928636269, 0.043, 600, -1307787134376776334, 0.043, 600, 3134569465370032257, 0.043, 600, 6461385273812658613, 0.043, 600, 2562609366327608525, 0.043, 600, -8539661283458874424, 0.043, 500, 8581399224539311073, 0.053, 30, 6012992582012380096, 0]
[0, 0, 0.621, 15, 2032380446875279412, 0, 600, -9193875583913284367, 0.043, 400, -2289306526242714260, 0.047, 600, 4116912851319405478, 0.134, 600, 3747476542289390616, 0.043, 600, -3568090002621900296, 0.043, 600, 1849394508416886760, 0.043, 600, -68369694722717582, 0.043, 600, 5552176456553904798, 0.043, 600, 7351552693400333945, 0.043, 600, -1721262984536448120, 0.043, 600, -8539661283458874424, 0.043, 500, 8581399224539311073, 0.053, 30, 6012992582012380096, 0]
[0, 0, 0.621, 15, 2032380446875279412, 0, 600, -9193875583913284367, 0.043, 400, -2289306526242714260, 0.047, 600, 4116912851319405478, 0.134, 600, 3747476542289390616, 0.043, 600, -3568090002621900296, 0.043, 600, -8224840384290499830, 0.043, 600, 7460823623558119514, 0.043, 600, 286644075770274762, 0.043, 600, 988819312186211910, 0.043, 600, 2562609366327608525, 0.043, 600, -8539661283458874424, 0.043, 500, 8581399224539311073, 0.053, 30, 6012992582012380096, 0]
[0, 0, 0.621, 15, 2032380446875279412, 0, 600, -9193875583913284367, 0.043, 400, -2289306526242714260, 0.047, 600, 4116912851319405478, 0.134, 600, 3747476542289390616, 0.043, 600, 7784242793488991540, 0.043, 600, -3188730647513774272, 0.043, 600, -68369694722717582, 0.043, 600, 5552176456553904798, 0.043, 600, -341527457590224416, 0.043, 600, 3728573301570941246, 0.043, 600, -8539661283458874424, 0.043, 500, 8581399224539311073, 0.053, 30, 6012992582012380096, 0]
[0, 0, 0.621, 15, 2032380446875279412, 0, 600, -9193875583913284367, 0.043, 400, -2289306526242714260, 0.047, 600, 4116912851319405478, 0.134, 600, 3747476542289390616, 0.043, 600, 7784242793488991540, 0.043, 600, 4185494206541426707, 0.043, 600, 741102394525246606, 0.043, 600, -7492474321378811208, 0.043, 600, 6780232423409706811, 0.043, 600, 3728573301570941246, 0.043, 600, -8539661283458874424, 0.043, 500, 8581399224539311073, 0.053, 30, 6012992582012380096, 0]
[0, 0, 0.617, 15, 2032380446875279412, 0, 600, -5206743909892900475, 0.043, 400, -1673948257767331151, 0.051, 600, 3381332465885819534, 0.136, 600, -4894839443001033193, 0.043, 600, 4869183993928425144, 0.043, 600, -8688476823852481428, 0.043, 600, -68369694722717582, 0.043, 600, 5552176456553904798, 0.043, 600, 1583303130735543931, 0.043, 600, 6338792283649328941, 0.043, 400, 3430449909968486582, 0.043, 500, -3763991978778730625, 0.043, 30, 4171291248933584661, 0]
[0, 0, 0.611, 15, 2032380446875279412, 0, 600, -9193875583913284367, 0.043, 400, -2289306526242714260, 0.047, 600, 4116912851319405478, 0.134, 600, 3747476542289390616, 0.043, 600, -3568090002621900296, 0.043, 600, -8224840384290499830, 0.043, 600, 7460823623558119514, 0.043, 600, -6343854481661105642, 0.043, 600, 1583303130735543931, 0.043, 600, 6338792283649328941, 0.043, 400, 3430449909968486582, 0.043, 500, -3763991978778730625, 0.043, 30, 4171291248933584661, 0]
[0, 0, 0.611, 15, 2032380446875279412, 0, 600, -9193875583913284367, 0.043, 400, -2289306526242714260, 0.047, 600, 4116912851319405478, 0.134, 600, 3747476542289390616, 0.043, 600, 7784242793488991540, 0.043, 600, -3188730647513774272, 0.043, 600, -68369694722717582, 0.043, 600, 5552176456553904798, 0.043, 600, 1583303130735543931, 0.043, 600, 6338792283649328941, 0.043, 400, 3430449909968486582, 0.043, 500, -3763991978778730625, 0.043, 30, 4171291248933584661, 0]
[0, 0, 0.611, 15, 2032380446875279412, 0, 600, -9193875583913284367, 0.043, 400, -2289306526242714260, 0.047, 600, 4116912851319405478, 0.134, 600, 3747476542289390616, 0.043, 600, -3568090002621900296, 0.043, 600, 1849394508416886760, 0.043, 600, -68369694722717582, 0.043, 600, 5552176456553904798, 0.043, 600, 7351552693400333945, 0.043, 600, 6338792283649328941, 0.043, 400, 3430449909968486582, 0.043, 500, -3763991978778730625, 0.043, 30, 4171291248933584661, 0]
[0, 0, 0.611, 15, 2032380446875279412, 0, 600, -9193875583913284367, 0.043, 400, -2289306526242714260, 0.047, 600, 4116912851319405478, 0.134, 600, 3747476542289390616, 0.043, 600, 7784242793488991540, 0.043, 600, -3188730647513774272, 0.043, 600, -68369694722717582, 0.043, 600, 5552176456553904798, 0.043, 600, -341527457590224416, 0.043, 600, -3629655799566353212, 0.043, 400, 3430449909968486582, 0.043, 500, -3763991978778730625, 0.043, 30, 4171291248933584661, 0]
[0, 0, 0.582, 15, 2032380446875279412, 0, 600, -5206743909892900475, 0.043, 400, -1673948257767331151, 0.051, 600, 3381332465885819534, 0.136, 600, -4894839443001033193, 0.043, 600, 4869183993928425144, 0.043, 600, -8688476823852481428, 0.043, 600, -68369694722717582, 0.043, 600, 5552176456553904798, 0.043, 600, 7351552693400333945, 0.043, 600, -1721262984536448120, 0.043, 400, -1200464802354688492, 0.051, 30, -6699837756343490071, 0]
[0, 0, 0.58, 15, 2032380446875279412, 0, 600, -5206743909892900475, 0.043, 400, -1673948257767331151, 0.051, 600, 6044151437514597409, 0.136, 600, 4885595154255057281, 0.043, 600, 6345455565146575554, 0.043, 600, -1320042869928636269, 0.043, 600, -1307787134376776334, 0.043, 600, 3134569465370032257, 0.043, 600, 6461385273812658613, 0.043, 600, 2562609366327608525, 0.043, 400, -1200464802354688492, 0.049, 30, -6699837756343490071, 0]
[0, 0, 0.578, 15, -5452690768158764971, 0, 600, 2665658835165263130, 0.043, 400, 8561708457556425093, 0.051, 600, -5237419201005650360, 0.134, 600, 3747476542289390616, 0.043, 600, -3568090002621900296, 0.043, 600, -8224840384290499830, 0.043, 600, 7460823623558119514, 0.043, 600, 286644075770274762, 0.043, 600, 988819312186211910, 0.043, 600, 2562609366327608525, 0.043, 400, -1200464802354688492, 0.049, 30, -6699837756343490071, 0]
[0, 0, 0.576, 15, 2032380446875279412, 0, 600, -9193875583913284367, 0.043, 400, -2289306526242714260, 0.047, 600, 4116912851319405478, 0.134, 600, 3747476542289390616, 0.043, 600, 7784242793488991540, 0.043, 600, -3188730647513774272, 0.043, 600, -68369694722717582, 0.043, 600, 5552176456553904798, 0.043, 600, 7351552693400333945, 0.043, 600, -1721262984536448120, 0.043, 400, -1200464802354688492, 0.051, 30, -6699837756343490071, 0]
[0, 0, 0.574, 15, 2032380446875279412, 0, 600, -9193875583913284367, 0.043, 400, -2289306526242714260, 0.047, 600, 4116912851319405478, 0.134, 600, 3747476542289390616, 0.043, 600, -3568090002621900296, 0.043, 600, -8224840384290499830, 0.043, 600, 7460823623558119514, 0.043, 600, 286644075770274762, 0.043, 600, 988819312186211910, 0.043, 600, 2562609366327608525, 0.043, 400, -1200464802354688492, 0.049, 30, -6699837756343490071, 0]
[0, 0, 0.574, 15, 2032380446875279412, 0, 600, -5206743909892900475, 0.043, 400, -1673948257767331151, 0.051, 600, 3381332465885819534, 0.136, 600, -3580543670049445023, 0.043, 600, 1723643331772436440, 0.043, 600, -3722585461851885376, 0.043, 600, 1943433020493585678, 0.043, 600, -3846440930618256708, 0.043, 600, -4163196499981573398, 0.043, 600, 3974370527807034920, 0.043, 300, 307806470346314022, 0.043, 30, 158581069965692598, 0]
[0, 0, 0.574, 15, 2032380446875279412, 0, 600, -5206743909892900475, 0.043, 400, -1673948257767331151, 0.051, 600, 3381332465885819534, 0.136, 600, 4162229587757598157, 0.043, 600, 4869183993928425144, 0.043, 600, -3722585461851885376, 0.043, 600, 1943433020493585678, 0.043, 600, -3846440930618256708, 0.043, 600, -4163196499981573398, 0.043, 600, 3974370527807034920, 0.043, 300, 307806470346314022, 0.043, 30, 158581069965692598, 0]
[0, 0, 0.568, 15, 2032380446875279412, 0, 600, -9193875583913284367, 0.043, 400, -2289306526242714260, 0.047, 600, 5716402507574016650, 0.134, 600, 4162229587757598157, 0.043, 600, 4869183993928425144, 0.043, 600, -3722585461851885376, 0.043, 600, 1943433020493585678, 0.043, 600, -3846440930618256708, 0.043, 600, -4163196499981573398, 0.043, 600, 3974370527807034920, 0.043, 300, 307806470346314022, 0.043, 30, 158581069965692598, 0]
[0, 0, 0.531, 15, 2032380446875279412, 0, 600, -5206743909892900475, 0.043, 400, -1673948257767331151, 0.051, 600, 6044151437514597409, 0.136, 600, 4885595154255057281, 0.043, 600, 6345455565146575554, 0.043, 600, -1320042869928636269, 0.043, 600, -1307787134376776334, 0.043, 600, 3134569465370032257, 0.043, 600, 6461385273812658613, 0.043, 400, -7320348356156024329, 0.043, 30, 9085924745889373112, 0]
[0, 0, 0.531, 15, 2032380446875279412, 0, 600, -5206743909892900475, 0.043, 400, -1673948257767331151, 0.051, 600, 6044151437514597409, 0.136, 600, 1157283248044933080, 0.043, 600, -43366698761784473, 0.043, 600, -4109173445133699798, 0.043, 600, -1175916249917026396, 0.043, 600, 3134569465370032257, 0.043, 600, 6461385273812658613, 0.043, 400, -7320348356156024329, 0.043, 30, 9085924745889373112, 0]
[0, 0, 0.525, 15, 2032380446875279412, 0, 600, -9193875583913284367, 0.043, 400, -2289306526242714260, 0.047, 600, 5716402507574016650, 0.134, 600, 4162229587757598157, 0.043, 600, -2205346907864032663, 0.043, 600, -838364488315750768, 0.043, 600, 1760660041698407860, 0.043, 600, -7393550333028243096, 0.043, 600, 6461385273812658613, 0.043, 400, -7320348356156024329, 0.043, 30, 9085924745889373112, 0]
[0, 0, 0.525, 15, 2032380446875279412, 0, 600, -9193875583913284367, 0.043, 400, -2289306526242714260, 0.047, 600, 4116912851319405478, 0.134, 600, 3747476542289390616, 0.043, 600, 7784242793488991540, 0.043, 600, -3188730647513774272, 0.043, 600, -8164572483410174313, 0.043, 600, 5144328105145566439, 0.043, 600, 6028323038564596255, 0.043, 400, -7320348356156024329, 0.043, 30, 9085924745889373112, 0]
[0, 0, 0.488, 15, 2032380446875279412, 0, 600, -5206743909892900475, 0.043, 400, -1673948257767331151, 0.051, 600, 6044151437514597409, 0.136, 600, 4885595154255057281, 0.043, 600, 6345455565146575554, 0.043, 600, -1320042869928636269, 0.043, 600, -1307787134376776334, 0.043, 600, 3134569465370032257, 0.043, 600, -7495889345650342806, 0.043, 30, 1998022696562211551, 0]
[0, 0, 0.488, 15, 2032380446875279412, 0, 600, -5206743909892900475, 0.043, 400, -1673948257767331151, 0.051, 600, 3381332465885819534, 0.136, 600, 4162229587757598157, 0.043, 600, -2205346907864032663, 0.043, 600, -838364488315750768, 0.043, 600, -7739322030336184635, 0.043, 600, 3492948750744962906, 0.043, 300, -2777683226452950005, 0.043, 30, 3706228475388237499, 0]
[0, 0, 0.488, 15, 2032380446875279412, 0, 600, -5206743909892900475, 0.043, 400, -1673948257767331151, 0.051, 600, 3381332465885819534, 0.136, 600, 1157283248044933080, 0.043, 600, -43366698761784473, 0.043, 600, -4109173445133699798, 0.043, 600, -1175916249917026396, 0.043, 600, 3134569465370032257, 0.043, 600, -7495889345650342806, 0.043, 30, 1998022696562211551, 0]
[0, 0, 0.488, 15, 2032380446875279412, 0, 600, -5206743909892900475, 0.043, 400, -1673948257767331151, 0.051, 600, 3381332465885819534, 0.136, 600, -4894839443001033193, 0.043, 600, -2205346907864032663, 0.043, 600, -838364488315750768, 0.043, 600, -7739322030336184635, 0.043, 600, 3492948750744962906, 0.043, 300, -2777683226452950005, 0.043, 30, 3706228475388237499, 0]
[0, 0, 0.488, 15, 4463204680836080568, 0, 600, -1174388321676909708, 0.043, 400, -4287778366033736303, 0.051, 600, 3064666592587751779, 0.136, 600, 4885595154255057281, 0.043, 600, 6345455565146575554, 0.043, 600, -1320042869928636269, 0.043, 600, -1307787134376776334, 0.043, 600, 3492948750744962906, 0.043, 300, -2777683226452950005, 0.043, 30, 3706228475388237499, 0]
[0, 0, 0.482, 15, 2032380446875279412, 0, 600, -9193875583913284367, 0.043, 400, -2289306526242714260, 0.047, 600, 5716402507574016650, 0.134, 600, 4162229587757598157, 0.043, 600, -2205346907864032663, 0.043, 600, -838364488315750768, 0.043, 600, -7739322030336184635, 0.043, 600, 3492948750744962906, 0.043, 300, -2777683226452950005, 0.043, 30, 3706228475388237499, 0]
[0, 0, 0.482, 15, 2032380446875279412, 0, 600, -9193875583913284367, 0.043, 400, -2289306526242714260, 0.047, 600, 5716402507574016650, 0.134, 600, 4162229587757598157, 0.043, 600, -2205346907864032663, 0.043, 600, -838364488315750768, 0.043, 600, -7739322030336184635, 0.043, 600, 3134569465370032257, 0.043, 600, -7495889345650342806, 0.043, 30, 1998022696562211551, 0]
[0, 0, 0.479, 15, 2032380446875279412, 0, 600, -5206743909892900475, 0.043, 600, -3217362679347406291, 0.043, 600, 3064666592587751779, 0.043, 600, 4885595154255057281, 0.043, 600, 6345455565146575554, 0.043, 600, -1320042869928636269, 0.043, 600, -1307787134376776334, 0.043, 600, 3134569465370032257, 0.043, 600, 6461385273812658613, 0.043, 600, 2562609366327608525, 0.043, 400, -1200464802354688492, 0.049, 30, -6699837756343490071, 0]
[0, 0, 0.479, 15, -5452690768158764971, 0, 600, 2665658835165263130, 0.043, 400, 6407059512656538086, 0.043, 600, 4116912851319405478, 0.043, 600, 3747476542289390616, 0.043, 600, -3568090002621900296, 0.043, 600, -8224840384290499830, 0.043, 600, 7460823623558119514, 0.043, 600, 286644075770274762, 0.043, 600, 988819312186211910, 0.043, 600, 2562609366327608525, 0.043, 400, -1200464802354688492, 0.049, 30, -6699837756343490071, 0]
[0, 0, 0.445, 15, 2032380446875279412, 0, 600, -5206743909892900475, 0.043, 400, -1673948257767331151, 0.051, 600, 6044151437514597409, 0.136, 600, 4885595154255057281, 0.043, 600, 6345455565146575554, 0.043, 600, -1320042869928636269, 0.043, 600, -1307787134376776334, 0.043, 400, 1839916873870296342, 0.043, 30, 5478019263957769264, 0]
[0, 0, 0.445, 15, 2032380446875279412, 0, 600, -5206743909892900475, 0.043, 400, -1673948257767331151, 0.051, 600, 3381332465885819534, 0.136, 600, 4162229587757598157, 0.043, 600, -2205346907864032663, 0.043, 600, -838364488315750768, 0.043, 600, -7739322030336184635, 0.043, 400, 1839916873870296342, 0.043, 30, 5478019263957769264, 0]
[0, 0, 0.445, 15, 4463204680836080568, 0, 600, -1174388321676909708, 0.043, 400, -4287778366033736303, 0.051, 600, 3064666592587751779, 0.136, 600, 4885595154255057281, 0.043, 600, 6345455565146575554, 0.043, 600, -1320042869928636269, 0.043, 600, -1307787134376776334, 0.043, 400, 1839916873870296342, 0.043, 30, 5478019263957769264, 0]
[0, 0, 0.43, 15, 2032380446875279412, 0, 600, -5206743909892900475, 0.043, 400, -3309544631308027437, 0.043, 600, -4767984801946454473, 0.043, 600, -3271926894617867031, 0.043, 600, -43366698761784473, 0.043, 600, -4109173445133699798, 0.043, 600, -1175916249917026396, 0.043, 600, 3134569465370032257, 0.043, 600, 6461385273812658613, 0.043, 400, -7320348356156024329, 0.043, 30, 9085924745889373112, 0]
[0, 0, 0.402, 15, 2032380446875279412, 0, 600, -5206743909892900475, 0.043, 400, -1673948257767331151, 0.051, 600, 6044151437514597409, 0.136, 600, 4885595154255057281, 0.043, 600, 6345455565146575554, 0.043, 600, -1320042869928636269, 0.043, 600, 3789994325732369889, 0.043, 30, 5703309441831483446, 0]
[0, 0, 0.402, 15, 4463204680836080568, 0, 600, -1174388321676909708, 0.043, 400, -4287778366033736303, 0.051, 600, 3064666592587751779, 0.136, 600, 4885595154255057281, 0.043, 600, 6345455565146575554, 0.043, 600, -1320042869928636269, 0.043, 600, 3789994325732369889, 0.043, 30, 5703309441831483446, 0]
[0, 0, 0.402, 15, 1319357462088433247, 0, 600, -1174388321676909708, 0.043, 400, -4287778366033736303, 0.051, 600, 3064666592587751779, 0.136, 600, 4885595154255057281, 0.043, 600, 6345455565146575554, 0.043, 600, -1320042869928636269, 0.043, 600, 3789994325732369889, 0.043, 30, 5703309441831483446, 0]
[0, 0, 0.402, 15, 4463204680836080568, 0, 600, -1174388321676909708, 0.043, 400, -4287778366033736303, 0.051, 600, 3064666592587751779, 0.136, 600, 4885595154255057281, 0.043, 600, 6345455565146575554, 0.043, 600, -6468505150411370841, 0.043, 300, 8069821840490356383, 0.043, 30, 8079009171642948429, 0]
[0, 0, 0.402, 15, 4463204680836080568, 0, 600, 3217899465886261444, 0.043, 400, -1673948257767331151, 0.051, 600, 6044151437514597409, 0.136, 600, 4885595154255057281, 0.043, 600, 6345455565146575554, 0.043, 600, -1320042869928636269, 0.043, 600, 3789994325732369889, 0.043, 30, 5703309441831483446, 0]
[0, 0, 0.387, 15, 2032380446875279412, 0, 600, -5206743909892900475, 0.043, 400, -3309544631308027437, 0.043, 600, -4767984801946454473, 0.043, 600, -3271926894617867031, 0.043, 600, -43366698761784473, 0.043, 600, -4109173445133699798, 0.043, 600, -1175916249917026396, 0.043, 600, 3134569465370032257, 0.043, 600, -7495889345650342806, 0.043, 30, 1998022696562211551, 0]
[0, 0, 0.387, 15, -5452690768158764971, 0, 600, 2665658835165263130, 0.043, 400, 6407059512656538086, 0.043, 600, 5716402507574016650, 0.043, 600, 4162229587757598157, 0.043, 600, -2205346907864032663, 0.043, 600, -838364488315750768, 0.043, 600, -7739322030336184635, 0.043, 600, 3492948750744962906, 0.043, 300, -2777683226452950005, 0.043, 30, 3706228475388237499, 0]
[0, 0, 0.387, 15, 2032380446875279412, 0, 600, 2665658835165263130, 0.043, 400, 6407059512656538086, 0.043, 600, 5716402507574016650, 0.043, 600, 4162229587757598157, 0.043, 600, -2205346907864032663, 0.043, 600, -838364488315750768, 0.043, 600, -7739322030336184635, 0.043, 600, 3492948750744962906, 0.043, 300, -2777683226452950005, 0.043, 30, 3706228475388237499, 0]
[0, 0, 0.359, 15, 1319357462088433247, 0, 600, -1174388321676909708, 0.043, 400, -4287778366033736303, 0.051, 600, -2818074552821682051, 0.136, 600, 8006102458937558734, 0.043, 600, 613818346867890195, 0.043, 300, -722658992992502092, 0.043, 30, 1613157863658157623, 0]
[0, 0, 0.357, 15, 4463204680836080568, 0, 600, 497987970163379657, 0.043, 400, -3347282396535147310, 0.049, 600, 8796432485636997521, 0.136, 600, 1995140060160400291, 0.043, 600, 613818346867890195, 0.043, 300, -722658992992502092, 0.043, 30, 1613157863658157623, 0]
[0, 0, 0.344, 15, -5452690768158764971, 0, 600, 2665658835165263130, 0.043, 400, 6407059512656538086, 0.043, 600, 5716402507574016650, 0.043, 600, 4162229587757598157, 0.043, 600, -2205346907864032663, 0.043, 600, -838364488315750768, 0.043, 600, -7739322030336184635, 0.043, 400, 1839916873870296342, 0.043, 30, 5478019263957769264, 0]
[0, 0, 0.344, 15, 2032380446875279412, 0, 600, 2665658835165263130, 0.043, 400, 6407059512656538086, 0.043, 600, 5716402507574016650, 0.043, 600, 4162229587757598157, 0.043, 600, -2205346907864032663, 0.043, 600, -838364488315750768, 0.043, 600, -7739322030336184635, 0.043, 400, 1839916873870296342, 0.043, 30, 5478019263957769264, 0]
[0, 0, 0.324, 15, 4463204680836080568, 0, 600, 497987970163379657, 0.043, 600, 5167171382461222810, 0.043, 300, 642179260665092683, 0.054, 600, -1369947008602982720, 0.137, 300, -171196829439859478, 0.047, 30, 7016754420457329520, 0]
[0, 0, 0.324, 15, 4463204680836080568, 0, 600, -1174388321676909708, 0.043, 600, 5167171382461222810, 0.043, 300, 642179260665092683, 0.054, 600, -1369947008602982720, 0.137, 300, -171196829439859478, 0.047, 30, 7016754420457329520, 0]
[0, 0, 0.32, 15, 4463204680836080568, 0, 600, 497987970163379657, 0.043, 400, -1577858292316880307, 0.043, 400, 1522432147145957444, 0.051, 600, -1369947008602982720, 0.136, 300, -171196829439859478, 0.047, 30, 7016754420457329520, 0]
[0, 0, 0.32, 15, 1319357462088433247, 0, 600, 497987970163379657, 0.043, 400, -1577858292316880307, 0.043, 400, 1522432147145957444, 0.051, 600, -1369947008602982720, 0.136, 300, -171196829439859478, 0.047, 30, 7016754420457329520, 0]
[0, 0, 0.318, 15, 1319357462088433247, 0, 600, 497987970163379657, 0.043, 400, -3347282396535147310, 0.049, 600, 8796432485636997521, 0.136, 600, -1369947008602982720, 0.043, 300, -171196829439859478, 0.047, 30, 7016754420457329520, 0]
[0, 0, 0.316, 15, 1319357462088433247, 0, 600, -1174388321676909708, 0.043, 400, -4287778366033736303, 0.051, 600, -2818074552821682051, 0.136, 600, 3984848426496676788, 0.043, 600, -8409199233325201630, 0.043, 30, -6389834570007843669, 0]
[0, 0, 0.314, 15, 4463204680836080568, 0, 600, -4683888021296797272, 0.043, 400, -4287778366033736303, 0.049, 600, -2818074552821682051, 0.136, 600, 3984848426496676788, 0.043, 600, -8409199233325201630, 0.043, 30, -6389834570007843669, 0]
[0, 0, 0.301, 15, 2032380446875279412, 0, 600, -5206743909892900475, 0.043, 600, -3217362679347406291, 0.043, 600, 3064666592587751779, 0.043, 600, 4885595154255057281, 0.043, 600, 6345455565146575554, 0.043, 600, -1320042869928636269, 0.043, 600, 3789994325732369889, 0.043, 30, 5703309441831483446, 0]
[0, 0, 0.301, 15, 2032380446875279412, 0, 600, -5206743909892900475, 0.043, 600, -3217362679347406291, 0.043, 300, -1848434802618693591, 0.043, 600, -2615647201758089096, 0.043, 600, -5083106311487471788, 0.043, 600, -6468505150411370841, 0.043, 300, 8069821840490356383, 0.043, 30, 8079009171642948429, 0]
[0, 0, 0.301, 15, 2032380446875279412, 0, 600, 2665658835165263130, 0.043, 600, -6957636946009713056, 0.043, 600, 6044151437514597409, 0.043, 600, 4885595154255057281, 0.043, 600, 6345455565146575554, 0.043, 600, -1320042869928636269, 0.043, 600, 3789994325732369889, 0.043, 30, 5703309441831483446, 0]
[0, 0, 0.301, 15, 2032380446875279412, 0, 600, -5206743909892900475, 0.043, 600, -3217362679347406291, 0.043, 300, -1848434802618693591, 0.043, 600, -2615647201758089096, 0.043, 600, 3973882554781822559, 0.043, 600, -7711377683624206388, 0.043, 600, 3789994325732369889, 0.043, 30, 5703309441831483446, 0]
[0, 0, 0.301, 15, 2032380446875279412, 0, 600, 2665658835165263130, 0.043, 600, -6957636946009713056, 0.043, 600, 6044151437514597409, 0.043, 600, 4885595154255057281, 0.043, 600, 6345455565146575554, 0.043, 600, -6468505150411370841, 0.043, 300, 8069821840490356383, 0.043, 30, 8079009171642948429, 0]
[0, 0, 0.258, 15, 2032380446875279412, 0, 600, -5206743909892900475, 0.043, 600, -3217362679347406291, 0.043, 600, -2818074552821682051, 0.043, 600, 8006102458937558734, 0.043, 600, 613818346867890195, 0.043, 300, -722658992992502092, 0.043, 30, 1613157863658157623, 0]
[0, 0, 0.258, 15, 2032380446875279412, 0, 600, -5206743909892900475, 0.043, 600, 827039759478237232, 0.043, 600, 4200199372614240289, 0.043, 600, -5643066983968294489, 0.043, 600, 613818346867890195, 0.043, 300, -722658992992502092, 0.043, 30, 1613157863658157623, 0]
[0, 0, 0.258, 15, 2032380446875279412, 0, 600, -9193875583913284367, 0.043, 600, 827039759478237232, 0.043, 600, 4200199372614240289, 0.043, 600, -5643066983968294489, 0.043, 600, 613818346867890195, 0.043, 300, -722658992992502092, 0.043, 30, 1613157863658157623, 0]
[0, 0, 0.258, 15, 2032380446875279412, 0, 600, -5206743909892900475, 0.043, 600, -3217362679347406291, 0.043, 600, 7231751502847196088, 0.043, 600, -5643066983968294489, 0.043, 600, 613818346867890195, 0.043, 300, -722658992992502092, 0.043, 30, 1613157863658157623, 0]
[0, 0, 0.215, 15, 1319357462088433247, 0, 600, 3217899465886261444, 0.043, 600, -3217362679347406291, 0.043, 600, -2818074552821682051, 0.043, 600, 3984848426496676788, 0.043, 600, -8409199233325201630, 0.043, 30, -6389834570007843669, 0]
[0, 0, 0.215, 15, 4463204680836080568, 0, 600, 4124899712337845188, 0.043, 600, -3217362679347406291, 0.043, 600, -2818074552821682051, 0.043, 600, 3984848426496676788, 0.043, 600, -8409199233325201630, 0.043, 30, -6389834570007843669, 0]
[0, 0, 0.183, 15, 4463204680836080568, 0, 600, 497987970163379657, 0.043, 400, -1577858292316880307, 0.043, 600, -5107385567310448514, 0.043, 300, 1017788026258384151, 0.054, 30, -860217527633101944, 0]
[0, 0, 0.183, 15, 4463204680836080568, 0, 600, -5172311178417598729, 0.043, 400, -3492265610724921899, 0.043, 600, -5107385567310448514, 0.043, 300, 1017788026258384151, 0.054, 30, -860217527633101944, 0]
[0, 0, 0.183, 15, 4463204680836080568, 0, 600, -1174388321676909708, 0.043, 600, 5167171382461222810, 0.043, 600, -5107385567310448514, 0.043, 300, 1017788026258384151, 0.054, 30, -860217527633101944, 0]
[0, 0, 0.183, 15, 4463204680836080568, 0, 600, -2079882809573083652, 0.043, 400, -1577858292316880307, 0.043, 600, -5107385567310448514, 0.043, 300, 1017788026258384151, 0.054, 30, -860217527633101944, 0]
[0, 0, 0.183, 15, 1319357462088433247, 0, 600, 497987970163379657, 0.043, 600, 5167171382461222810, 0.043, 600, -5107385567310448514, 0.043, 300, 1017788026258384151, 0.054, 30, -860217527633101944, 0]
[0, 0, 0.129, 15, 4463204680836080568, 0, 600, 497987970163379657, 0.043, 400, -1577858292316880307, 0.043, 400, 1192039892138412185, 0.043, 30, 1446988528826434760, 0]
[0, 0, 0.129, 15, 1319357462088433247, 0, 600, 497987970163379657, 0.043, 400, -1577858292316880307, 0.043, 400, 1192039892138412185, 0.043, 30, 1446988528826434760, 0]
[0, 0, 0.129, 15, 4463204680836080568, 0, 600, -3333924752359649249, 0.043, 400, -3492265610724921899, 0.043, 400, 1192039892138412185, 0.043, 30, 1446988528826434760, 0]
[0, 0, 0.129, 15, 1319357462088433247, 0, 600, -2079882809573083652, 0.043, 400, -1577858292316880307, 0.043, 400, 1192039892138412185, 0.043, 30, 1446988528826434760, 0]
[0, 0, 0.129, 15, 1319357462088433247, 0, 600, -3333924752359649249, 0.043, 400, -3492265610724921899, 0.043, 400, 1192039892138412185, 0.043, 30, 1446988528826434760, 0]
[0, 0, 0.129, 15, 3589777214626639312, 0, 600, -5172311178417598729, 0.043, 400, -3492265610724921899, 0.043, 400, 1192039892138412185, 0.043, 30, 1446988528826434760, 0]
[0, 0, 0.092, 15, 4463204680836080568, 0, 600, -3333924752359649249, 0.043, 400, -423234207311838755, 0.049, 30, 7178703284536210606, 0]
[0, 0, 0.092, 15, 1319357462088433247, 0, 600, -5172311178417598729, 0.043, 400, -423234207311838755, 0.049, 30, 7178703284536210606, 0]
[0, 0, 0.092, 15, -7520354945578480941, 0, 600, -5172311178417598729, 0.043, 400, -423234207311838755, 0.049, 30, 7178703284536210606, 0]
[0, 0, 0.052, 15, 1075161135299285272, 0, 400, -8406310872740090477, 0.052, 30, 8844631736009304687, 0]
[0, 0, 0.051, 15, 3589777214626639312, 0, 400, -8406310872740090477, 0.051, 30, 8844631736009304687, 0]
[0, 0, 0.043, 15, 1319357462088433247, 0, 600, 1272217635713993733, 0.043, 30, -1465733637957869265, 0]
[0, 0, 0.043, 15, 4463204680836080568, 0, 600, 1272217635713993733, 0.043, 30, -1465733637957869265, 0]
[0, 0, 0.043, 15, 3589777214626639312, 0, 200, -4688651676078651081, 0.043, 30, -3218579843993380574, 0]
[0, 0, 0.043, 15, 3589777214626639312, 0, 600, 1272217635713993733, 0.043, 30, -1465733637957869265, 0]
[0, 0, 0.043, 15, 1075161135299285272, 0, 600, 1272217635713993733, 0.043, 30, -1465733637957869265, 0]
