[0, 0, 0.592, 15, 3923710806367575124, 0, 300, -5604979805109310394, 0.027, 500, 3221807628698818102, 0.143, 500, 6164810417781411202, 0.142, 400, -3314317725005771679, 0.144, 200, -3866516405452932469, 0.136, 30, 460084106920091329, 0]
[0, 0, 0.534, 15, 3923710806367575124, 0, 300, -5604979805109310394, 0.027, 500, 3221807628698818102, 0.143, 500, 6164810417781411202, 0.142, 600, 3893770182756288996, 0.136, 600, 6949040153596180164, 0.043, 600, -6454092260085808899, 0.043, 30, 5050920086383304559, 0]
[0, 0, 0.534, 15, 9046747082532724681, 0, 300, -5604979805109310394, 0.027, 500, 3221807628698818102, 0.143, 500, 6164810417781411202, 0.142, 600, 3893770182756288996, 0.136, 600, 6949040153596180164, 0.043, 600, -3258086581085778027, 0.043, 30, -255526811789341546, 0]
[0, 0, 0.534, 15, 3923710806367575124, 0, 300, -5604979805109310394, 0.027, 500, 3221807628698818102, 0.143, 500, 6164810417781411202, 0.142, 600, 3893770182756288996, 0.136, 600, 6949040153596180164, 0.043, 600, -5058447016696468581, 0.043, 30, 2435522797622967571, 0]
[0, 0, 0.497, 15, 3923710806367575124, 0, 300, -5604979805109310394, 0.027, 500, 3221807628698818102, 0.143, 500, 1075466691513868471, 0.144, 500, 4162850360389157344, 0.136, 200, 6148309542109916956, 0.047, 30, -3660763910448707513, 0]
[0, 0, 0.497, 15, 9046747082532724681, 0, 300, -5604979805109310394, 0.027, 500, 3221807628698818102, 0.143, 500, 1075466691513868471, 0.144, 500, 4162850360389157344, 0.136, 200, 6148309542109916956, 0.047, 30, -3660763910448707513, 0]
[0, 0, 0.491, 15, 9046747082532724681, 0, 300, -5604979805109310394, 0.027, 500, 3221807628698818102, 0.143, 500, 6164810417781411202, 0.142, 400, -1587264059334047366, 0.136, 200, -7089073926941862777, 0.043, 30, -6871867025129213624, 0]
[0, 0, 0.463, 15, 1638903017317167983, 0, 300, 5396379825628161862, 0.055, 500, -6457884348688918361, 0.137, 500, 1075466691513868471, 0.049, 500, 4162850360389157344, 0.136, 500, -1120437901879852464, 0.043, 600, -2309593129344811625, 0.043, 30, -1361561561933707260, 0]
[0, 0, 0.462, 15, 1621830022293943819, 0, 300, 5396379825628161862, 0.054, 500, -6457884348688918361, 0.137, 500, 1075466691513868471, 0.049, 500, 4162850360389157344, 0.136, 500, -1120437901879852464, 0.043, 600, -2309593129344811625, 0.043, 30, -1361561561933707260, 0]
[0, 0, 0.46, 15, -8031640615627153892, 0, 400, 3891978835485357846, 0.043, 500, 3221807628698818102, 0.051, 500, 1075466691513868471, 0.144, 500, 4162850360389157344, 0.136, 500, -1120437901879852464, 0.043, 600, -2309593129344811625, 0.043, 30, -1361561561933707260, 0]
[0, 0, 0.459, 15, 4748904244966385875, 0, 400, 8916863757783483425, 0.052, 500, -6457884348688918361, 0.136, 500, 1075466691513868471, 0.049, 500, 4162850360389157344, 0.136, 500, -1120437901879852464, 0.043, 600, -2309593129344811625, 0.043, 30, -1361561561933707260, 0]
[0, 0, 0.458, 15, -8031640615627153892, 0, 400, 3891978835485357846, 0.043, 500, 3221807628698818102, 0.051, 500, 6164810417781411202, 0.142, 600, 3893770182756288996, 0.136, 600, 5404752837633559959, 0.043, 600, -6302029650207594667, 0.043, 30, 8334084625922028881, 0]
[0, 0, 0.458, 15, -8031640615627153892, 0, 400, 3891978835485357846, 0.043, 500, 3221807628698818102, 0.051, 500, 6164810417781411202, 0.142, 600, 3893770182756288996, 0.136, 600, 6949040153596180164, 0.043, 600, -7438475000813361022, 0.043, 30, -3066217858803488240, 0]
[0, 0, 0.458, 15, -8031640615627153892, 0, 400, 3891978835485357846, 0.043, 500, 3221807628698818102, 0.051, 500, 6164810417781411202, 0.142, 600, 3893770182756288996, 0.136, 600, 6949040153596180164, 0.043, 600, -5058447016696468581, 0.043, 30, 2435522797622967571, 0]
[0, 0, 0.45, 15, 3923710806367575124, 0, 300, -5604979805109310394, 0.027, 500, 3221807628698818102, 0.143, 500, 1075466691513868471, 0.144, 500, 1989885795827297727, 0.136, 30, 237672330265972641, 0]
[0, 0, 0.45, 15, 3923710806367575124, 0, 300, -5604979805109310394, 0.027, 500, 3221807628698818102, 0.143, 500, 1075466691513868471, 0.144, 500, 1755206680196640928, 0.136, 30, 512060936233255647, 0]
[0, 0, 0.45, 15, 9046747082532724681, 0, 300, -5604979805109310394, 0.027, 500, 3221807628698818102, 0.143, 500, 1075466691513868471, 0.144, 400, -3968398302624796903, 0.136, 30, -2568167873398155465, 0]
[0, 0, 0.45, 15, 3923710806367575124, 0, 300, -5604979805109310394, 0.027, 500, 3221807628698818102, 0.143, 500, 1075466691513868471, 0.144, 400, -4319750469142555021, 0.136, 30, 4828799471091612617, 0]
[0, 0, 0.45, 15, 9046747082532724681, 0, 300, -5604979805109310394, 0.027, 500, 3221807628698818102, 0.143, 500, 1075466691513868471, 0.144, 400, -4319750469142555021, 0.136, 30, 4828799471091612617, 0]
[0, 0, 0.448, 15, 9046747082532724681, 0, 300, -5604979805109310394, 0.027, 500, 3221807628698818102, 0.143, 500, 6164810417781411202, 0.142, 500, 999133845200034859, 0.136, 30, -699421057215910858, 0]
[0, 0, 0.424, 15, 1638903017317167983, 0, 300, 5396379825628161862, 0.055, 500, -6457884348688918361, 0.137, 500, 1075466691513868471, 0.049, 500, 4162850360389157344, 0.136, 200, 6148309542109916956, 0.047, 30, -3660763910448707513, 0]
[0, 0, 0.421, 15, -8031640615627153892, 0, 400, 3891978835485357846, 0.043, 500, 3221807628698818102, 0.051, 500, 1075466691513868471, 0.144, 500, 4162850360389157344, 0.136, 200, 6148309542109916956, 0.047, 30, -3660763910448707513, 0]
[0, 0, 0.419, 15, 4748904244966385875, 0, 300, -7757074889665385214, 0.051, 600, -7582741259283076735, 0.138, 500, 3159612230258860456, 0.043, 400, -3314317725005771679, 0.051, 200, -3866516405452932469, 0.136, 30, 460084106920091329, 0]
[0, 0, 0.417, 15, 846075168685255300, 0, 500, 3221807628698818102, 0.051, 500, 1075466691513868471, 0.144, 500, 4162850360389157344, 0.136, 500, -1120437901879852464, 0.043, 600, -2309593129344811625, 0.043, 30, -1361561561933707260, 0]
[0, 0, 0.404, 15, 3923710806367575124, 0, 300, -5604979805109310394, 0.027, 500, 3221807628698818102, 0.143, 500, 112712628054068572, 0.136, 600, 8176051124488138988, 0.043, 200, 5933235417332401527, 0.055, 30, -4693561161685729815, 0]
[0, 0, 0.378, 15, 846075168685255300, 0, 500, 3221807628698818102, 0.051, 500, 1075466691513868471, 0.144, 500, 4162850360389157344, 0.136, 200, 6148309542109916956, 0.047, 30, -3660763910448707513, 0]
[0, 0, 0.377, 15, 1638903017317167983, 0, 300, 5396379825628161862, 0.055, 500, -6457884348688918361, 0.137, 500, 1075466691513868471, 0.049, 500, 1755206680196640928, 0.136, 30, 512060936233255647, 0]
[0, 0, 0.376, 15, 1621830022293943819, 0, 300, 5396379825628161862, 0.054, 500, -6457884348688918361, 0.137, 500, 1075466691513868471, 0.049, 400, -1453106972731549314, 0.136, 30, 7098813613433589282, 0]
[0, 0, 0.374, 15, -8031640615627153892, 0, 400, 3891978835485357846, 0.043, 500, 3221807628698818102, 0.051, 500, 1075466691513868471, 0.144, 500, 1989885795827297727, 0.136, 30, 237672330265972641, 0]
[0, 0, 0.374, 15, -8031640615627153892, 0, 400, 3891978835485357846, 0.043, 500, 3221807628698818102, 0.051, 500, 1075466691513868471, 0.144, 500, 1755206680196640928, 0.136, 30, 512060936233255647, 0]
[0, 0, 0.374, 15, -8031640615627153892, 0, 400, 3891978835485357846, 0.043, 500, 3221807628698818102, 0.051, 500, 1075466691513868471, 0.144, 400, -1453106972731549314, 0.136, 30, 7098813613433589282, 0]
[0, 0, 0.373, 15, 4748904244966385875, 0, 400, 8916863757783483425, 0.052, 500, -6457884348688918361, 0.136, 500, 1075466691513868471, 0.049, 500, 1989885795827297727, 0.136, 30, 237672330265972641, 0]
[0, 0, 0.373, 15, 4748904244966385875, 0, 400, 8916863757783483425, 0.052, 500, -6457884348688918361, 0.136, 500, 1075466691513868471, 0.049, 500, 1755206680196640928, 0.136, 30, 512060936233255647, 0]
[0, 0, 0.373, 15, 4748904244966385875, 0, 400, 8916863757783483425, 0.052, 500, -6457884348688918361, 0.136, 500, 1075466691513868471, 0.049, 400, -3968398302624796903, 0.136, 30, -2568167873398155465, 0]
[0, 0, 0.373, 15, 4748904244966385875, 0, 400, 8916863757783483425, 0.052, 500, -6457884348688918361, 0.136, 500, 1075466691513868471, 0.049, 400, -1453106972731549314, 0.136, 30, 7098813613433589282, 0]
[0, 0, 0.363, 15, 846075168685255300, 0, 600, -5713027943577568832, 0.043, 600, -7582741259283076735, 0.043, 500, -8602025730181510248, 0.054, 600, 456401483273227953, 0.137, 600, -4008247051325074228, 0.043, 600, -4248466965333592898, 0.043, 30, 2248398672298457704, 0]
[0, 0, 0.363, 15, 5738227592255129293, 0, 600, -5713027943577568832, 0.043, 600, -7582741259283076735, 0.043, 500, -8602025730181510248, 0.054, 600, 456401483273227953, 0.137, 600, -4008247051325074228, 0.043, 600, -4248466965333592898, 0.043, 30, 2248398672298457704, 0]
[0, 0, 0.363, 15, -8031640615627153892, 0, 600, -5713027943577568832, 0.043, 600, -7582741259283076735, 0.043, 500, -8602025730181510248, 0.054, 600, 456401483273227953, 0.137, 600, -4008247051325074228, 0.043, 600, -4248466965333592898, 0.043, 30, 2248398672298457704, 0]
[0, 0, 0.363, 15, 426923379650338667, 0, 600, -3774521317372642757, 0.043, 600, -5915412456401866648, 0.043, 500, -8602025730181510248, 0.054, 600, 456401483273227953, 0.137, 600, -4008247051325074228, 0.043, 600, -4248466965333592898, 0.043, 30, 2248398672298457704, 0]
[0, 0, 0.363, 15, 9046747082532724681, 0, 600, -5713027943577568832, 0.043, 600, -7582741259283076735, 0.043, 500, -8602025730181510248, 0.054, 600, 456401483273227953, 0.137, 600, -4008247051325074228, 0.043, 600, -4248466965333592898, 0.043, 30, 2248398672298457704, 0]
[0, 0, 0.353, 15, 4748904244966385875, 0, 600, -3774521317372642757, 0.043, 600, -5915412456401866648, 0.043, 500, -8593171996455000237, 0.047, 600, 2980199904645122503, 0.134, 600, 5404752837633559959, 0.043, 600, -6302029650207594667, 0.043, 30, 8334084625922028881, 0]
[0, 0, 0.353, 15, 4748904244966385875, 0, 600, -3774521317372642757, 0.043, 600, -5915412456401866648, 0.043, 500, -8593171996455000237, 0.047, 600, 2980199904645122503, 0.134, 600, 6949040153596180164, 0.043, 600, -3258086581085778027, 0.043, 30, -255526811789341546, 0]
[0, 0, 0.353, 15, 4748904244966385875, 0, 600, -3774521317372642757, 0.043, 600, -5915412456401866648, 0.043, 500, -8593171996455000237, 0.047, 600, 2980199904645122503, 0.134, 600, 5404752837633559959, 0.043, 600, 7100882662308942841, 0.043, 30, 6451743333415294032, 0]
[0, 0, 0.353, 15, 4748904244966385875, 0, 600, -3774521317372642757, 0.043, 600, -5915412456401866648, 0.043, 500, -8593171996455000237, 0.047, 600, 2980199904645122503, 0.134, 600, 6949040153596180164, 0.043, 600, -6454092260085808899, 0.043, 30, 5050920086383304559, 0]
[0, 0, 0.353, 15, 4748904244966385875, 0, 600, -3774521317372642757, 0.043, 600, -5915412456401866648, 0.043, 500, -8593171996455000237, 0.047, 600, 2980199904645122503, 0.134, 600, 5404752837633559959, 0.043, 600, -5058447016696468581, 0.043, 30, 2435522797622967571, 0]
[0, 0, 0.353, 15, 4748904244966385875, 0, 600, -3774521317372642757, 0.043, 600, -5915412456401866648, 0.043, 500, -8593171996455000237, 0.047, 600, 2980199904645122503, 0.134, 600, 6949040153596180164, 0.043, 600, -7438475000813361022, 0.043, 30, -3066217858803488240, 0]
[0, 0, 0.351, 15, 3923710806367575124, 0, 300, -5604979805109310394, 0.027, 600, -1139986189526217295, 0.137, 400, -8632647294448730212, 0.051, 500, 999133845200034859, 0.136, 30, -699421057215910858, 0]
[0, 0, 0.351, 15, 9046747082532724681, 0, 300, -5604979805109310394, 0.027, 600, -1139986189526217295, 0.137, 400, -8632647294448730212, 0.051, 500, 999133845200034859, 0.136, 30, -699421057215910858, 0]
[0, 0, 0.351, 15, 9046747082532724681, 0, 300, -5604979805109310394, 0.027, 600, -1139986189526217295, 0.137, 400, -8632647294448730212, 0.051, 500, -7133403356255839094, 0.136, 30, 4946743169078582701, 0]
[0, 0, 0.351, 15, 3923710806367575124, 0, 300, -5604979805109310394, 0.027, 600, -1139986189526217295, 0.137, 400, -8632647294448730212, 0.051, 400, -4319750469142555021, 0.136, 30, 4828799471091612617, 0]
[0, 0, 0.351, 15, 916581661330486982, 0, 300, -5604979805109310394, 0.027, 600, -1139986189526217295, 0.137, 400, -8632647294448730212, 0.051, 500, -7133403356255839094, 0.136, 30, 4946743169078582701, 0]
[0, 0, 0.351, 15, 9046747082532724681, 0, 300, -5604979805109310394, 0.027, 600, -1139986189526217295, 0.137, 400, -8632647294448730212, 0.051, 400, -4319750469142555021, 0.136, 30, 4828799471091612617, 0]
[0, 0, 0.351, 15, 916581661330486982, 0, 300, -5604979805109310394, 0.027, 600, -1139986189526217295, 0.137, 400, -8632647294448730212, 0.051, 500, 500151989554743612, 0.136, 30, -1391739983753954341, 0]
[0, 0, 0.349, 15, 3923710806367575124, 0, 300, -5604979805109310394, 0.027, 500, 3221807628698818102, 0.143, 500, 112712628054068572, 0.136, 400, -1665715333293817095, 0.043, 30, 3057360171777572899, 0]
[0, 0, 0.349, 15, 9046747082532724681, 0, 300, -5604979805109310394, 0.027, 500, 3221807628698818102, 0.143, 500, 112712628054068572, 0.136, 400, 8130508410972933242, 0.043, 30, -3555221265294741231, 0]
[0, 0, 0.349, 15, 9046747082532724681, 0, 300, -5604979805109310394, 0.027, 500, 3221807628698818102, 0.143, 500, 112712628054068572, 0.136, 400, -1665715333293817095, 0.043, 30, 3057360171777572899, 0]
[0, 0, 0.333, 15, 1638903017317167983, 0, 300, 5396379825628161862, 0.055, 500, -6457884348688918361, 0.137, 500, 112712628054068572, 0.043, 600, 8176051124488138988, 0.043, 200, 5933235417332401527, 0.055, 30, -4693561161685729815, 0]
[0, 0, 0.332, 15, 1621830022293943819, 0, 300, 5396379825628161862, 0.054, 500, -6457884348688918361, 0.137, 500, 112712628054068572, 0.043, 600, 8176051124488138988, 0.043, 200, 5933235417332401527, 0.055, 30, -4693561161685729815, 0]
[0, 0, 0.328, 15, -8031640615627153892, 0, 400, 3891978835485357846, 0.043, 500, 3221807628698818102, 0.051, 500, 112712628054068572, 0.136, 600, 8176051124488138988, 0.043, 200, 5933235417332401527, 0.055, 30, -4693561161685729815, 0]
[0, 0, 0.325, 15, 6079727809899163095, 0, 300, 2132167576393209435, 0.051, 500, -6250043349936351563, 0.138, 400, 6555583627965985178, 0.043, 400, 6832464601809126845, 0.043, 200, 3525987210233054171, 0.05, 30, -2437537545971883150, 0]
[0, 0, 0.324, 15, -392465613123747214, 0, 300, 7713778652271541531, 0.052, 500, -6250043349936351563, 0.136, 400, 6555583627965985178, 0.043, 400, 6832464601809126845, 0.043, 200, 3525987210233054171, 0.05, 30, -2437537545971883150, 0]
[0, 0, 0.316, 15, 846075168685255300, 0, 600, -5713027943577568832, 0.043, 600, -7582741259283076735, 0.043, 500, 3159612230258860456, 0.043, 400, -3314317725005771679, 0.051, 200, -3866516405452932469, 0.136, 30, 460084106920091329, 0]
[0, 0, 0.316, 15, 5738227592255129293, 0, 600, -5713027943577568832, 0.043, 600, -7582741259283076735, 0.043, 500, 3159612230258860456, 0.043, 400, -3314317725005771679, 0.051, 200, -3866516405452932469, 0.136, 30, 460084106920091329, 0]
[0, 0, 0.314, 15, 1621830022293943819, 0, 300, 6889738569031949211, 0.043, 500, -6250043349936351563, 0.043, 400, 6555583627965985178, 0.043, 400, -3314317725005771679, 0.049, 200, -3866516405452932469, 0.136, 30, 460084106920091329, 0]
[0, 0, 0.3, 15, 3923710806367575124, 0, 300, -5604979805109310394, 0.027, 600, -1139986189526217295, 0.137, 400, 6555583627965985178, 0.043, 400, 6832464601809126845, 0.043, 200, 3525987210233054171, 0.05, 30, -2437537545971883150, 0]
[0, 0, 0.293, 15, 9046747082532724681, 0, 300, -5604979805109310394, 0.027, 600, -1139986189526217295, 0.137, 400, 4282934734454736428, 0.043, 400, -1587264059334047366, 0.043, 200, -7089073926941862777, 0.043, 30, -6871867025129213624, 0]
[0, 0, 0.278, 15, 1638903017317167983, 0, 300, 5396379825628161862, 0.055, 500, -6457884348688918361, 0.137, 500, 112712628054068572, 0.043, 400, 8130508410972933242, 0.043, 30, -3555221265294741231, 0]
[0, 0, 0.278, 15, 1638903017317167983, 0, 300, 5396379825628161862, 0.055, 500, -6457884348688918361, 0.137, 500, 112712628054068572, 0.043, 400, -1665715333293817095, 0.043, 30, 3057360171777572899, 0]
[0, 0, 0.274, 15, 4748904244966385875, 0, 400, 8916863757783483425, 0.052, 500, -6457884348688918361, 0.136, 500, 112712628054068572, 0.043, 400, 8130508410972933242, 0.043, 30, -3555221265294741231, 0]
[0, 0, 0.273, 15, -8031640615627153892, 0, 400, 3891978835485357846, 0.043, 500, 3221807628698818102, 0.051, 500, 112712628054068572, 0.136, 400, -1665715333293817095, 0.043, 30, 3057360171777572899, 0]
[0, 0, 0.271, 15, 846075168685255300, 0, 600, -5713027943577568832, 0.043, 600, -7582741259283076735, 0.043, 500, -8593171996455000237, 0.051, 500, 999133845200034859, 0.134, 30, -699421057215910858, 0]
[0, 0, 0.271, 15, 1621830022293943819, 0, 300, 6889738569031949211, 0.043, 500, -6250043349936351563, 0.043, 400, -8632647294448730212, 0.049, 500, 999133845200034859, 0.136, 30, -699421057215910858, 0]
[0, 0, 0.271, 15, 1621830022293943819, 0, 300, 6889738569031949211, 0.043, 500, -6250043349936351563, 0.043, 400, -8632647294448730212, 0.049, 500, -7133403356255839094, 0.136, 30, 4946743169078582701, 0]
[0, 0, 0.271, 15, 846075168685255300, 0, 600, -5713027943577568832, 0.043, 600, -7582741259283076735, 0.043, 500, -8593171996455000237, 0.051, 500, 1755206680196640928, 0.134, 30, 512060936233255647, 0]
[0, 0, 0.271, 15, 846075168685255300, 0, 600, -5713027943577568832, 0.043, 500, -6457884348688918361, 0.043, 500, 1075466691513868471, 0.049, 500, 1989885795827297727, 0.136, 30, 237672330265972641, 0]
[0, 0, 0.271, 15, 5738227592255129293, 0, 600, -5713027943577568832, 0.043, 600, -7582741259283076735, 0.043, 500, -8593171996455000237, 0.051, 500, 672466429749052608, 0.134, 30, 3186158075614513985, 0]
[0, 0, 0.271, 15, 846075168685255300, 0, 600, -5713027943577568832, 0.043, 500, -6457884348688918361, 0.043, 500, 1075466691513868471, 0.049, 400, -3968398302624796903, 0.136, 30, -2568167873398155465, 0]
[0, 0, 0.271, 15, 846075168685255300, 0, 600, -5713027943577568832, 0.043, 500, -6457884348688918361, 0.043, 500, 1075466691513868471, 0.049, 400, -1453106972731549314, 0.136, 30, 7098813613433589282, 0]
[0, 0, 0.271, 15, 1621830022293943819, 0, 300, 6889738569031949211, 0.043, 500, -6250043349936351563, 0.043, 400, -8632647294448730212, 0.049, 500, 500151989554743612, 0.136, 30, -1391739983753954341, 0]
[0, 0, 0.271, 15, 846075168685255300, 0, 600, -5713027943577568832, 0.043, 500, -6457884348688918361, 0.043, 500, 1075466691513868471, 0.049, 400, -4319750469142555021, 0.136, 30, 4828799471091612617, 0]
[0, 0, 0.267, 15, 4748904244966385875, 0, 600, -3774521317372642757, 0.043, 600, -5915412456401866648, 0.043, 500, -8593171996455000237, 0.047, 500, 672466429749052608, 0.134, 30, 3186158075614513985, 0]
[0, 0, 0.267, 15, 4748904244966385875, 0, 600, -3774521317372642757, 0.043, 600, -5915412456401866648, 0.043, 500, -8593171996455000237, 0.047, 500, 1989885795827297727, 0.134, 30, 237672330265972641, 0]
[0, 0, 0.267, 15, 426923379650338667, 0, 600, -3774521317372642757, 0.043, 600, -5915412456401866648, 0.043, 500, -8593171996455000237, 0.047, 500, 1755206680196640928, 0.134, 30, 512060936233255647, 0]
[0, 0, 0.267, 15, 1638903017317167983, 0, 600, -3774521317372642757, 0.043, 600, -5915412456401866648, 0.043, 500, -8593171996455000237, 0.047, 500, 1755206680196640928, 0.134, 30, 512060936233255647, 0]
[0, 0, 0.258, 15, 4748904244966385875, 0, 600, -3774521317372642757, 0.043, 600, -5915412456401866648, 0.043, 500, -6481595534798496483, 0.043, 600, 4745394091393996587, 0.043, 600, 6949040153596180164, 0.043, 600, -3258086581085778027, 0.043, 30, -255526811789341546, 0]
[0, 0, 0.258, 15, 4748904244966385875, 0, 600, -3774521317372642757, 0.043, 600, -5915412456401866648, 0.043, 600, -6269859927206865748, 0.043, 600, -9092565318972292866, 0.043, 600, 6949040153596180164, 0.043, 600, -3258086581085778027, 0.043, 30, -255526811789341546, 0]
[0, 0, 0.258, 15, 4748904244966385875, 0, 600, -3774521317372642757, 0.043, 600, -5915412456401866648, 0.043, 600, -7167185675358021689, 0.043, 600, -9092565318972292866, 0.043, 600, 6949040153596180164, 0.043, 600, -3258086581085778027, 0.043, 30, -255526811789341546, 0]
[0, 0, 0.258, 15, 4748904244966385875, 0, 600, -3774521317372642757, 0.043, 600, -5915412456401866648, 0.043, 600, -6269859927206865748, 0.043, 600, -9092565318972292866, 0.043, 600, 6949040153596180164, 0.043, 600, -6454092260085808899, 0.043, 30, 5050920086383304559, 0]
[0, 0, 0.258, 15, 4748904244966385875, 0, 600, -3774521317372642757, 0.043, 600, -5915412456401866648, 0.043, 500, -6481595534798496483, 0.043, 600, 4745394091393996587, 0.043, 600, 5404752837633559959, 0.043, 600, 7100882662308942841, 0.043, 30, 6451743333415294032, 0]
[0, 0, 0.258, 15, 4748904244966385875, 0, 600, -3774521317372642757, 0.043, 600, -5915412456401866648, 0.043, 500, -6481595534798496483, 0.043, 600, 4745394091393996587, 0.043, 600, 6949040153596180164, 0.043, 600, -7438475000813361022, 0.043, 30, -3066217858803488240, 0]
[0, 0, 0.258, 15, 4748904244966385875, 0, 600, -3774521317372642757, 0.043, 600, -5915412456401866648, 0.043, 600, -7167185675358021689, 0.043, 600, -9092565318972292866, 0.043, 600, 6949040153596180164, 0.043, 600, -6454092260085808899, 0.043, 30, 5050920086383304559, 0]
[0, 0, 0.258, 15, 4748904244966385875, 0, 600, -3774521317372642757, 0.043, 600, -5915412456401866648, 0.043, 500, -6481595534798496483, 0.043, 600, 4745394091393996587, 0.043, 600, 6949040153596180164, 0.043, 600, -6302029650207594667, 0.043, 30, 8334084625922028881, 0]
[0, 0, 0.258, 15, 4748904244966385875, 0, 600, -3774521317372642757, 0.043, 600, -5915412456401866648, 0.043, 500, -6481595534798496483, 0.043, 600, 4745394091393996587, 0.043, 600, 6949040153596180164, 0.043, 600, -5058447016696468581, 0.043, 30, 2435522797622967571, 0]
[0, 0, 0.258, 15, 846075168685255300, 0, 600, -5713027943577568832, 0.043, 600, -7582741259283076735, 0.043, 500, -6481595534798496483, 0.043, 600, 4745394091393996587, 0.043, 600, 5404752837633559959, 0.043, 600, -6302029650207594667, 0.043, 30, 8334084625922028881, 0]
[0, 0, 0.258, 15, 426923379650338667, 0, 600, -3774521317372642757, 0.043, 600, -5915412456401866648, 0.043, 500, -6481595534798496483, 0.043, 600, 4745394091393996587, 0.043, 600, 6949040153596180164, 0.043, 600, -6454092260085808899, 0.043, 30, 5050920086383304559, 0]
[0, 0, 0.258, 15, 4748904244966385875, 0, 600, -3774521317372642757, 0.043, 600, -5915412456401866648, 0.043, 600, -6269859927206865748, 0.043, 600, -9092565318972292866, 0.043, 600, 6949040153596180164, 0.043, 600, -7438475000813361022, 0.043, 30, -3066217858803488240, 0]
[0, 0, 0.258, 15, 4748904244966385875, 0, 600, -3774521317372642757, 0.043, 600, -5915412456401866648, 0.043, 600, -7167185675358021689, 0.043, 600, -9092565318972292866, 0.043, 600, 5404752837633559959, 0.043, 600, 7100882662308942841, 0.043, 30, 6451743333415294032, 0]
[0, 0, 0.258, 15, 4748904244966385875, 0, 600, -3774521317372642757, 0.043, 600, -5915412456401866648, 0.043, 600, -6269859927206865748, 0.043, 600, -9092565318972292866, 0.043, 600, 6949040153596180164, 0.043, 600, -5058447016696468581, 0.043, 30, 2435522797622967571, 0]
[0, 0, 0.258, 15, 4748904244966385875, 0, 600, -3774521317372642757, 0.043, 600, -5915412456401866648, 0.043, 600, -6269859927206865748, 0.043, 600, -9092565318972292866, 0.043, 600, 6949040153596180164, 0.043, 600, 7100882662308942841, 0.043, 30, 6451743333415294032, 0]
[0, 0, 0.258, 15, 4748904244966385875, 0, 600, -3774521317372642757, 0.043, 600, -5915412456401866648, 0.043, 600, -7167185675358021689, 0.043, 600, -9092565318972292866, 0.043, 600, 6949040153596180164, 0.043, 600, -5058447016696468581, 0.043, 30, 2435522797622967571, 0]
[0, 0, 0.258, 15, 846075168685255300, 0, 600, -5713027943577568832, 0.043, 600, -7582741259283076735, 0.043, 500, -6481595534798496483, 0.043, 600, 4745394091393996587, 0.043, 600, 6949040153596180164, 0.043, 600, -7438475000813361022, 0.043, 30, -3066217858803488240, 0]
[0, 0, 0.258, 15, 846075168685255300, 0, 600, -5713027943577568832, 0.043, 600, -7582741259283076735, 0.043, 500, -6481595534798496483, 0.043, 600, 4745394091393996587, 0.043, 600, 6949040153596180164, 0.043, 600, -5058447016696468581, 0.043, 30, 2435522797622967571, 0]
[0, 0, 0.25, 15, 3923710806367575124, 0, 300, -5604979805109310394, 0.027, 600, -1139986189526217295, 0.137, 400, 4282934734454736428, 0.043, 500, 1989885795827297727, 0.043, 30, 237672330265972641, 0]
[0, 0, 0.25, 15, 3923710806367575124, 0, 300, -5604979805109310394, 0.027, 600, -1139986189526217295, 0.137, 400, 6555583627965985178, 0.043, 500, 672466429749052608, 0.043, 30, 3186158075614513985, 0]
[0, 0, 0.227, 15, 4748904244966385875, 0, 600, -3774521317372642757, 0.043, 600, -5915412456401866648, 0.043, 600, -7167185675358021689, 0.043, 600, 8176051124488138988, 0.043, 200, 5933235417332401527, 0.055, 30, -4693561161685729815, 0]
[0, 0, 0.227, 15, 846075168685255300, 0, 600, -5713027943577568832, 0.043, 500, -6457884348688918361, 0.043, 500, 112712628054068572, 0.043, 600, 8176051124488138988, 0.043, 200, 5933235417332401527, 0.055, 30, -4693561161685729815, 0]
[0, 0, 0.222, 15, 4748904244966385875, 0, 600, -3774521317372642757, 0.043, 600, -5915412456401866648, 0.043, 500, -6481595534798496483, 0.043, 400, 6832464601809126845, 0.043, 200, 3525987210233054171, 0.05, 30, -2437537545971883150, 0]
[0, 0, 0.222, 15, -1335238335716806412, 0, 300, 6889738569031949211, 0.043, 500, -6250043349936351563, 0.043, 400, 6555583627965985178, 0.043, 400, 6832464601809126845, 0.043, 200, 3525987210233054171, 0.05, 30, -2437537545971883150, 0]
[0, 0, 0.215, 15, 4748904244966385875, 0, 600, -3774521317372642757, 0.043, 600, -5915412456401866648, 0.043, 600, -6269859927206865748, 0.043, 600, -9092565318972292866, 0.043, 500, 260514919922760133, 0.043, 30, -379605882793878891, 0]
[0, 0, 0.215, 15, 846075168685255300, 0, 600, -5713027943577568832, 0.043, 600, -7582741259283076735, 0.043, 600, -6269859927206865748, 0.043, 600, -9092565318972292866, 0.043, 500, 260514919922760133, 0.043, 30, -379605882793878891, 0]
[0, 0, 0.215, 15, 426923379650338667, 0, 600, -3774521317372642757, 0.043, 600, -5915412456401866648, 0.043, 600, -7167185675358021689, 0.043, 600, -9092565318972292866, 0.043, 500, 260514919922760133, 0.043, 30, -379605882793878891, 0]
[0, 0, 0.215, 15, 5738227592255129293, 0, 600, -5713027943577568832, 0.043, 600, -7582741259283076735, 0.043, 600, -7167185675358021689, 0.043, 600, -9092565318972292866, 0.043, 500, 260514919922760133, 0.043, 30, -379605882793878891, 0]
[0, 0, 0.215, 15, 1638903017317167983, 0, 600, -3774521317372642757, 0.043, 600, -5915412456401866648, 0.043, 600, -7167185675358021689, 0.043, 600, -9092565318972292866, 0.043, 500, 260514919922760133, 0.043, 30, -379605882793878891, 0]
[0, 0, 0.215, 15, 1621830022293943819, 0, 300, 6889738569031949211, 0.043, 500, -6250043349936351563, 0.043, 400, 4282934734454736428, 0.043, 400, -1587264059334047366, 0.043, 200, -7089073926941862777, 0.043, 30, -6871867025129213624, 0]
[0, 0, 0.172, 15, 4748904244966385875, 0, 600, -3774521317372642757, 0.043, 600, -5915412456401866648, 0.043, 600, -7167185675358021689, 0.043, 400, -1453106972731549314, 0.043, 30, 7098813613433589282, 0]
[0, 0, 0.172, 15, 4748904244966385875, 0, 600, -3774521317372642757, 0.043, 600, -5915412456401866648, 0.043, 600, -6269859927206865748, 0.043, 400, 8130508410972933242, 0.043, 30, -3555221265294741231, 0]
[0, 0, 0.172, 15, 846075168685255300, 0, 600, -5713027943577568832, 0.043, 600, -7582741259283076735, 0.043, 600, -7167185675358021689, 0.043, 500, -7133403356255839094, 0.043, 30, 4946743169078582701, 0]
[0, 0, 0.172, 15, 846075168685255300, 0, 600, -5713027943577568832, 0.043, 600, -7582741259283076735, 0.043, 600, -7167185675358021689, 0.043, 400, -1453106972731549314, 0.043, 30, 7098813613433589282, 0]
[0, 0, 0.172, 15, 1621830022293943819, 0, 300, 6889738569031949211, 0.043, 500, -6250043349936351563, 0.043, 400, 4282934734454736428, 0.043, 400, -1665715333293817095, 0.043, 30, 3057360171777572899, 0]
[0, 0, 0.172, 15, 5738227592255129293, 0, 600, -5713027943577568832, 0.043, 600, -7582741259283076735, 0.043, 600, -7167185675358021689, 0.043, 500, -7133403356255839094, 0.043, 30, 4946743169078582701, 0]
[0, 0, 0.172, 15, 426923379650338667, 0, 600, -3774521317372642757, 0.043, 600, -5915412456401866648, 0.043, 600, -7167185675358021689, 0.043, 400, -1453106972731549314, 0.043, 30, 7098813613433589282, 0]
[0, 0, 0.172, 15, 846075168685255300, 0, 600, -5713027943577568832, 0.043, 500, -6457884348688918361, 0.043, 500, 112712628054068572, 0.043, 400, 8130508410972933242, 0.043, 30, -3555221265294741231, 0]
[0, 0, 0.172, 15, 1621830022293943819, 0, 300, 6889738569031949211, 0.043, 500, -6250043349936351563, 0.043, 400, 6555583627965985178, 0.043, 400, 8130508410972933242, 0.043, 30, -3555221265294741231, 0]
[0, 0, 0.172, 15, 846075168685255300, 0, 600, -5713027943577568832, 0.043, 600, -7582741259283076735, 0.043, 600, -6269859927206865748, 0.043, 500, 500151989554743612, 0.043, 30, -1391739983753954341, 0]
[0, 0, 0.172, 15, 1638903017317167983, 0, 600, -3774521317372642757, 0.043, 600, -5915412456401866648, 0.043, 600, -6269859927206865748, 0.043, 500, 500151989554743612, 0.043, 30, -1391739983753954341, 0]
